CNET_BTN 5
8 8 64 64 0.80000000000000004
INPUTS 2
PORT_IN binary_msb 4 1 nibble_value
PORT_IN binary_msb 4 1 nibble_value
OUTPUTS 1
PORT_OUT binary_msb 8 1 byte_value
2.1640303659196705
64.676042027348416
-2.1704772452296703
-2.6691590427601271
-2.4436960165348238
2.4549928498171711
4.6428033631356431
2.175529317622301
-16.552190236137278
-3.2718396752836307
-3.3256329827362996
-16.963120448225521
-2.9389888785515765
14.437811300460035
-12.938532661204492
4.2506307204673526
-0.79885665017696317
0.93465742742899116
-0.69188214728916686
-0.037139278142265156
-0.60389425946278341
0.79321965009579098
0.86153788513475282
0.52732953796140636
0.28819900381405467
0.61692186737327925
0.0062993598931034385
0.50510549964548745
-0.88028426282678096
0.53512119782521372
0.43800938296338554
-0.033986015579044626
0.62350067633996098
-0.11000453718921969
-0.72133253742371151
0.76371924259498691
-0.95599497414115475
0.57006615318558496
0.22509935739905471
0.38720035708383282
-0.60847200730317264
-0.29755687859217872
0.94421464622062612
0.43973530574256142
-0.91891400364486231
0.49900033858027648
0.22732000980762976
-0.93821759937290305
0.0023539919195755508
-0.92003897297373116
-0.52034284039354783
-0.39809937590817746
0.069874435673085947
0.080631292141490285
0.1032921415144777
0.86247421488379072
0.32732740319635567
0.85362195823543496
-0.66293854390567253
-0.78289051473590121
0.66491038698552452
-0.9141297185531756
0.11650138780960133
-0.075147986113607942
0.21185896915566765
-0.36538831381310011
-0.48502621085300024
-0.056828217908355606
-0.53247567816520847
-0.60039193836930205
-0.66954790310842194
-0.43760513617292462
-2.2649760742478721e-06
-8.5924723869097881e-05
-4.4340283659341051e-07
-2.8132645939910644e-05
-13.832103123770803
-3.0118817060553496e-06
5.2949857219977026e-05
-0.0001152422492993816
0.74242507218546028
0.88103813542941012
0.0051728210350030163
0.14832615521053394
0.17302608956774287
0.66982181511444017
0.048536717193553139
0.21551079262997766
0.082296809533210433
0.84916465889283621
-0.56745803879042844
0.020817934969187768
-0.58413108877501019
0.61572077426794503
-0.73801839547758563
0.57001993694743258
0.21924333818949834
0.95978268299087444
-0.8686139424568794
0.85517016876731022
0.99341771340462959
-0.12058083879250994
0.1928063019853459
-0.4674238438959617
0.0061985832963952778
0.30482594111757078
0.32386825425133225
-0.41847960816282465
-0.098848051543481558
-0.43251250647276174
0.92749010446205704
-0.71755227881346628
-0.3992955415609708
0.21162379161003197
-0.054689562953836313
-0.183573142150323
0.56577291749541136
0.97030697008322286
0.64064139290973132
0.81572710044155528
-0.51057847782056343
-0.29015795270692701
0.70996536954593792
0.16130612279934167
0.47215336875047614
-0.83695233511655831
-0.70786675018348955
-0.6482861210428108
0.75163828284977618
-0.74151608497198573
0.4332554295330136
0.74490385828079297
-0.95544581282680552
0.85864189559378379
0.57121465803189786
-0.0014910712357891565
-3.6716338290925874e-06
-6.0448642772546731e-05
-2.6560352893794018e-06
-0.00012777841266549777
0.00027516945342961067
-11.776962225521558
3.3221191129040965e-06
0.0013157654219636626
0.78133644571644234
0.10186342844648705
-0.35055166986121677
-0.099593136404761903
0.026065892727782699
0.73865827137922502
0.32542995888707915
0.14761668042678738
0.57427788104414446
0.62524589909401185
0.86133658842285776
0.62081322038533682
0.5787493181164024
0.79686281085174848
0.30912468695025858
0.2192620808536675
-0.99111839517268441
0.17606234877044197
-0.50310911800706459
-0.7824461430994627
0.43688430623752911
-0.80696722968630907
0.018339826494193072
-0.46124156919968518
-0.81568041548388615
-0.75954727173507885
-0.99621770760960038
0.028661290678434963
-0.2296406166255586
-0.47473092671837042
0.95554340363882229
0.77946561188967689
-0.5374636750377535
-0.12042254413632578
0.96158131769058697
-0.43858286420390452
-0.26478596364142115
-0.91298404351896267
0.60249440798212317
0.43711923061426716
0.44993820294204956
-0.70590802190697677
0.85853351593105165
-0.38878155333345404
-0.42864900221051266
0.065375583266200618
-0.66193291510161734
0.57956288902038888
0.23103395239457689
0.64488422302741277
0.13026736503963826
-0.3542321298866824
-0.048486099051318544
-0.0123632280829192
-0.39767978872848758
-0.14165190372765596
-2.0778557107375193e-06
-0.00017982004722595399
-3.208054873390322e-06
13.772282940533987
0.00029912118062451438
1.7728934374450483e-06
7.2814040560368037e-05
-2.3180558061925682e-05
-0.66684318175547386
-0.9984499065431367
-0.31493024718133888
-0.96554768339866837
0.0073560159889132929
0.033207780230759452
-0.68751772128160793
0.7211792272561165
-0.48293588060027492
0.68309191759137378
0.16702751539943264
0.35748733361427409
0.58202484856468351
0.91480436406348875
0.82414862906616093
0.62927308024521311
-0.39863701890603881
-0.75156927123528883
-0.99642194372787674
-0.05264255058447706
-0.28299520718844862
0.13975592993409938
-0.24299365097271985
-0.14484157908308964
-0.40809980060094764
-0.14178771049028102
0.41805208694691182
-0.54623763632864542
-0.69465280677458086
0.18015679507929533
0.34345365944229322
0.69290208675698395
-0.042992781342268097
0.21361955037342192
0.52333974902725178
-0.69250334484777898
0.54276325447966944
-0.33753794737155018
-0.88665671945669911
-0.76475734589215449
0.66384894747910561
-0.15419328674789967
-0.043407197864126085
-0.68259516670087084
0.6261371804151894
-0.21800165155102022
0.15620322334769282
0.096080329234831105
-0.49940058907279677
-0.34563118369200868
-0.23848575684684545
-0.47690815376857992
0.70094728216141033
0.96593750725452943
-0.37089272409506308
-0.60979001520416298
-7.7519128915835192e-07
8.5698255758406763
-2.3380110094268999e-06
8.0238100512795203
7.9557131438826216
1.8460823709154824e-07
10.607348987007592
0.0010680217471850887
-0.87081353703438524
-0.77609783583951186
0.19244731772989079
-0.26832621343224994
0.78286202495694901
0.20813302748336446
-0.37457779805076202
0.29861670968732124
0.076025158268734586
0.59217631314589991
0.20304109842745793
0.011019200303378759
0.56983948614599078
0.23163299399032844
-0.21922291759606133
-0.3978210535636828
0.054397136896254833
0.69512148021461673
-0.37387782150797683
-0.87419309740179418
-0.47571653389341945
0.38360939840441788
0.086017710913948678
-0.98326568019033345
-0.86885456167193009
0.15277580574991456
-0.010583479133327585
0.041666587478320853
0.72338432167913003
-0.52735572311606094
-0.32812465143658942
0.69665393061177772
-0.70874462444980368
0.21306130741368215
0.40002649298250698
-0.36777528181786168
0.58959288859255066
0.094954744459411863
0.019479181131586944
-0.3428861602010187
-0.73792574690421908
0.88545845374695342
-0.35721238517194459
0.88561795225544426
0.79022964966454723
-0.60764656160487884
-0.8197588693900415
-0.40587824679976287
-0.43632077752689008
0.32137285694565121
0.53175341806498266
0.34669280257112178
0.39710398471375741
-0.9409149988230151
0.25325808445959719
-0.048332023805390922
13.189401905288735
-0.00015252811636563057
2.2524239826043603e-06
0.00019167569925135195
-1.9133186662032139e-05
2.0201700889268892e-06
-1.15431028582029e-06
0.93977853847875381
0.91602224809721478
0.87636528556823878
-0.82899916136652751
0.85537645387276007
0.73611795937982294
0.85475173832559448
-0.3647907214353453
-0.59552879240343448
-0.67658088888958323
0.92954854962121891
-0.98368854882602597
-0.96321207920469343
0.099564825519356817
-0.69812269333182153
-0.011580722293281732
0.25757416736555999
-0.34460405161181429
0.88328603774158043
0.45900541863971744
0.02356896329492204
0.72234399823563777
0.15241860586624029
-0.10719774160882259
0.84472051032995699
-0.53932152057468374
0.5640123915079075
0.3095637837642678
-0.80097877901621051
-0.94597591540083714
0.29630415014639688
0.48157354251739631
-0.42545900725276226
0.66060890476696388
-0.83416948762722409
0.90513275561533668
-0.55149400331711662
-0.20997776813480992
0.51014018735389954
0.10004377970687853
-0.4683880629058319
-0.83152435001418479
0.85664063363616894
-0.1948103563692386
0.56691535699469864
0.15560052807470412
-0.81042303728770626
-0.36767710038270335
-0.98550946397406414
-0.22653676725075506
0.62772711919591617
0.73637671544728889
0.92617509600264247
-0.58763470726096956
0.32322519868139937
-0.92889433304474944
0.32261017332939573
2.1516265341177835e-06
0.00017127411966571775
-13.673941686774093
9.2646094106838364e-05
-0.00010687725165101508
-7.8977262372124056e-07
2.2112096871434889e-06
8.524093931119533e-05
0.21364166639424356
0.76768040719179875
0.46019859838130234
0.001745483511226192
0.044476308125399711
0.46322003923243132
-0.42170394297525943
0.45068360053778245
0.66968623797823468
-0.16178074445178292
0.44933190440294407
-0.71191254722406871
-0.33623938598115327
-0.070539086848666915
-0.62041355503644535
0.015716066523766552
0.066744765229539565
0.17885899433881286
0.45887229358423548
-0.59249112517088565
-0.41751067170393658
-0.91598982222619563
0.80460649733390921
-0.5347359309118721
0.93106136136927664
-0.76546324851158021
-0.18012000199639461
-0.5680055858653047
-0.65791717707440578
-0.69216004908485085
0.85069728076381346
0.91700175566674913
-0.048216182212444926
0.5869057645922211
0.5280331720311231
0.18960290699668
0.91924652241653948
0.55684241780121491
0.11345319431171794
0.72122506247464047
-0.91717119188212481
-0.85178714166737568
0.16389703208939929
0.020530435429910388
-0.041476236730806346
0.18556778297431617
0.8234627012370076
-0.16356336243526839
0.90252253099312996
-0.39267482512145324
-0.94357504653197821
-0.21488417993951162
-0.75473440021480476
-0.98388500177118299
-0.86443770792005192
-0.5351570028467264
9.8330584169809967
-9.2405848832907697e-05
10.360862692906338
-4.6433504380048945e-05
8.3807907447201873e-05
-8.8750093062068274
7.8477686930400736
-4.8626622592935416
-0.081424064305017765
0.1574231619383708
-0.190384772112559
-0.50242132057083844
-0.32251359522415063
0.77726528028450281
0.43864697835815347
-0.37730997499295127
0.76673931046084853
0.024990837185049537
-0.37691866172057686
-0.29909243775895689
-0.28570804124627008
0.83799821642449646
0.42928839419766968
-0.78416918228821686
-0.073645195836762226
-0.62123030567816084
0.15629827813681779
-0.092282270494053575
-0.30552503086616362
-0.64598796893569321
-0.06880460327024375
0.16082781144723352
0.24365180069599032
-0.8550268456336928
0.15721881898156295
-0.78575037307159656
0.53465317567449733
0.071029722786049368
0.80115318056457419
0.043217065619879744
0.32860172652316105
-0.9112903877885099
0.61659142024597602
0.71193551465818283
0.080522435263551392
0.25224490968984337
0.35353292203979536
-0.98718963857019404
-0.77244925568570355
0.23125404745484573
0.018857106335015552
0.200416825331201
-0.56265439601973122
0.21732966904309758
-0.75208811851797541
0.639108975645305
0.37246719739012962
-0.48637892888623296
0.85554256080516855
-0.83162641811404681
0.53863233271567568
-0.86712574132997866
0.62169588165545564
-0.98967664978361691
-4.1178012227724129e-06
-14.456248199937415
-5.5525854729512341e-07
-7.5511136983005738e-05
0.00015736101368123425
-1.8330291053994513e-06
2.4097452593821954e-05
-0.00024178135517723901
-0.27892711610213161
0.61786095643208339
-0.90215339662606597
-0.10116348363961668
-0.72768832725663368
-0.081892868126480847
0.80413743441786156
-0.099704329447161025
0.82746745372350938
-0.37160608012472796
-0.59661548133533004
0.48133736376089448
0.71707142292476422
-0.18328055763390655
0.81407900270620237
0.26354077634487638
-0.19790863043025689
-0.4827143581360947
-0.58711698713647209
0.81578603735393596
0.11916730778352223
-0.97763349733463212
-0.61046251637052251
0.81455715250873895
0.83243076387107884
-0.26093349453386483
0.69666351803809123
0.63483053074622386
0.094058285084516635
0.65318359489908839
0.41900308728062313
0.9581547622032488
0.11455109722528058
-0.52486188208335827
-0.6419656321106284
-0.038502152606344937
-0.27343431243020755
-0.48020830575872619
0.65408797843346278
0.65756516423303013
-0.23421709048084574
0.38909433257120668
0.25850969734512219
0.93434215161205447
-0.41708187577774153
-0.48488085861262498
0.061611291492764911
-0.12929312278748029
-0.0039311894075193393
0.63364291141384343
-0.5040214861461898
0.87879466317765809
0.996525912484583
0.24186549260962831
0.42501076288141498
-0.75475449386824778
0.0010511381369491793
-0.092932653876488941
-0.00077614554214132543
-0.10965616236761233
131.20261307651032
0.059808503267718131
1.5880202724798493
0.00061117338150264416
-3.8379200955571492e-05
-3.2876025033113904e-06
9.0059468035838763e-05
0.00010336757659507416
-2.7821212119192014e-06
-3.0505730870812071e-06
-0.00015005410955068514
-120.53464193552243
-0.00037675075353803359
7.617186043597796e-06
0.00045794579187619127
4.4549021202381522e-06
9.1571997182096951e-06
-126.63642565613949
-0.00011629566583397858
-0.0006274419488363159
0.00059966893224536297
-1.9339662586464088e-06
111.37786968102914
-0.00030233175866089347
2.3395891695136531e-06
-4.3384287227107865e-06
-0.00017668060816381824
0.00082264015886856991
-87.383985813799228
6.0654820784392757e-06
0.00048009621305281059
0.00022191405505827896
2.7391528529732019e-06
-5.4369597146159039e-06
-8.8371574510960667e-05
0.00011154066266882653
-0.00042921873703980807
-67.273036066219618
0.00018122621743276051
0.00014298907093947646
8.0988649646188859e-05
-8.1891370077810809e-05
-0.0022678515260837312
-0.00011077945760137227
-1.1948600618459791e-05
-0.00010983094053173973
-0.000408710754428224
49.611470657511191
-6.2326421436392836e-05
7.4382000341438297e-05
0.0020006978311207469
0.00028240369497984058
-0.0030039069284474368
0.40498156311977979
0.0034441737123079522
0.47781739492495384
0.24928724839568026
-0.26061291312766571
-6.9196149686656794
-0.0015645020256540351
-0.0013540850931181947
-8.8411992576587739e-05
0.002498915951959182
-7.454226325180064e-05
-5.1126343354186661e-05
4.8625005473602247e-05
0.0014119110844985773
-0.0032602893902767358
-0.00046344725290736597
-5.4368662824778074e-05
-0.0034492629751646251
-1.0518767663163548e-05
-1.82295081795595e-05
2.7573977938367335e-05
-0.00040993094751785468
-0.0013061154969673666
-0.0044112818608629274
-4.9305317849944915e-05
0.0074644076286049877
-0.00012948300528919392
0.00015329984026604224
5.1791092086578013e-05
0.0012277354025358933
0.017897184993325339
0.0045563034411573999
-5.9190237306020613e-05
0.0091437708887340471
-0.00015273577646060825
6.4485875448112864e-05
-4.8456363100544991e-05
-0.00080509747710533176
-0.0028618924954599682
0.01672566384906057
-0.00012176390302566814
-0.021669644981941572
-0.00011990865649689179
2.6750532765998123e-05
2.4667896604052484e-05
0.0023295693780932361
0.041231745725215693
0.0071020763485057786
-5.6074467579921327e-05
-0.0020891492456134113
-7.8407628003348472e-05
-4.2523434296429459e-05
0.00011430918874594671
0.0028126820179665822
-0.0035005358665362789
0.0047664366678696344
6.3009165269108138e-05
-0.0013046439190151353
5.2382271066424644e-05
8.0567610834539501e-05
-5.4389553001908592e-05
-0.0024026919447791961
0.0090461511760122053
0.00022130145646437165
0.00019795987353473101
-0.014647274158494853
4.1012802301525955e-05
0.0001039928881328378
-0.0003610158540879988
-0.0042266072204472311
0.00050661304874656803
0.00090296819901582702
4.3115840822264465e-05
-0.0024907107065783979
0.00010687187106379183
1.0463800458151932e-05
2.9200061520729027e-05
0.00049598754217980434
0.0038819099424030139
0.0036199280150826293
-6.0752969587150806e-05
-0.0014344012147351338
-1.9748601246821198e-05
-5.8065816198111451e-05
-1.6300933998834122e-05
2.1102183771937042e-05
0.0070253088698017515
0.003781995896098293
0.00013399051265208347
-0.0028022474364547572
0.00018764514701323173
6.2990575242779156e-05
-0.00010328283801910132
-0.0027039515751446125
0.0026370491443616509
9.9964619000379515e-06
8.3725067207118548e-05
-0.0015435415934921938
9.2264386888244731e-05
0.00014601215883052796
-1.4240093246790419e-05
-0.0017550470184089888
0.0016242940167718023
0.011729784688773975
2.8162383560037466e-05
-0.010432975442004402
-1.1196716814838171e-05
1.3680434795400797e-05
-2.0687032488811973e-06
-0.00088663030235127641
0.0011478476189461071
0.00069176153942554735
-4.0799438070011994e-05
-0.00061046188057298321
8.9775313026020618e-05
3.7103878014883123e-05
3.4547925006826588e-05
0.00045048914671601487
-0.0028502034726546532
-0.0017199080014870362
1.8626169389150019e-05
-0.0054878864395188432
2.9688507841399664e-05
5.8517639622775632e-05
-1.5449306446133088e-05
-0.00074848219119559817
0.0039283873608239386
-0.0072744350059286284
-1.4595869153104474e-05
0.0025193313390239214
-0.00022824541686558309
1.8240697802379334e-05
3.7054649400972946e-05
0.00069217483409691766
-0.0046116468060247284
0.017636899240092697
0.00035606897488155528
-0.014317533757822127
0.00035296364202828419
8.2068521874093989e-05
-0.00021410265281465274
-0.005259510550484436
0.010286506814710637
-0.00024334177092897135
-5.0242915951630851e-05
0.00030784650041975817
-2.7089789674793584e-05
-9.8606358513617947e-06
2.1660976748653058e-05
0.00059420092967478575
-0.0021162366016847325
-0.011148236190326748
5.6947900139931792e-05
0.0043159053423318938
0.00010628709455644744
-2.8549785075177743e-05
-0.00012476476458445838
-0.0014804477329480963
0.0031291058609614255
-0.0049404083280197644
6.3273602030010847e-05
0.0018849596843330261
0.00015467058395171203
3.1999437563204097e-05
-6.2778352635218756e-05
-0.0013649841110128782
-0.00034304435503177257
-0.0036512211499235437
-3.4752122176815623e-05
-0.00092836238102549909
-1.5579207495433509e-05
2.6419250959361818e-05
1.233102822985131e-05
0.00026900935732528672
0.00080456592563495923
-0.0019147279048245464
1.8244867937759234e-05
0.003169617934263751
4.0541248021134701e-05
5.7723730206818606e-06
1.0262374511061795e-05
-0.00034809355838187394
-0.0006831799426512534
-0.0011809223856650865
6.6672824845140502e-05
0.0034177193564295617
2.1661888941083172e-06
5.8121160086234065e-05
-6.1258311639245431e-05
-0.0010567812176875563
0.00030987101712030493
0.00017536150510616313
8.1941247530812789e-05
0.0040730541888694483
6.9106399698810167e-05
2.3406978055198795e-06
-8.6877619576975298e-05
-0.001640393324661764
-0.0047643873824005853
-5.7278883378109922e-05
2.9915008813749536e-05
0.00066450796665133965
3.4823011129095409e-05
2.0710326411235894e-05
-5.1410507714925919e-05
-0.0001211157693485023
-0.0023827173540421531
0.00011958424562226024
1.0116016627429161e-05
-0.0010640425091035198
6.0025970063135297e-05
-8.7858147487971219e-06
8.6976693698498196e-05
0.00040171073087351373
0.00071156732845735059
0.0058058482864228825
-0.00013366187438390204
-0.0019145565777625611
-8.5881271186231132e-05
-1.4035187772814974e-05
2.8022171629776204e-05
0.001577018396730939
-0.0033752197752960639
0.003668340433897274
0.00011566457442642786
-0.0011393251560272055
0.00019543796863838274
5.2017275813079204e-05
-0.00011708092370401703
-0.0040280103583411522
0.0015889696542098117
0.0019240938955370713
-9.1748954644099729e-06
-0.0042339480255239184
-2.6247263418063398e-05
-2.3600158091644069e-05
-5.9268346183461193e-05
-0.00062383325797976934
0.0080273974307359681
-0.0011305036251303784
1.3377310069648343e-05
-0.0033991800914347043
5.3538559681416104e-06
6.1706810145402324e-05
1.8083600970763963e-05
0.00027958304673876376
-0.001521188486989023
0.00026979663533745663
5.2433842087455719e-05
0.0027640018461928262
4.4657791853149318e-05
-1.7635387251951802e-05
-8.3417089245959396e-05
-0.0010832936730544871
0.00051147172378968584
0.0012385168882340994
-1.1952759572384401e-05
-0.0011715055892427739
-5.180972480535674e-06
1.075091285651767e-05
-4.9286993498557235e-07
7.3251716398392778e-05
0.0001986594615403863
-0.012434019980668148
-0.00035386010191867327
0.00688288197961439
-0.00040205720469468074
-0.00010969584847873097
0.00019049972215528781
0.0050645804292413065
-0.0015174471612717292
0.004724740523273179
0.00032113562604192827
-0.0086016166643231706
0.0003535321154958015
0.00014393356947211717
-0.00028165003091967805
-0.006874622063095772
0.0022569044305333231
0.003679788983359559
-2.3061286805388353e-05
-0.0060725540449961682
8.3703551995909778e-05
4.2454609270562308e-06
-5.3647952933105644e-05
-0.0011651531518849653
0.0043230607963827767
-0.0023406499148223925
9.451819726365328e-05
0.0068786773102298008
9.3175697187468891e-05
4.7670437003092773e-05
1.3470762553072124e-05
-0.001526270120508572
-0.0012271776212192899
0.0053149854835614812
-4.6551347678688271e-05
-0.0018685007852754763
6.429230807935501e-05
1.1261831243522004e-05
-5.7739625252778579e-05
-0.00018021963736938645
0.00014161861385702862
0.002878692950004696
-4.3756004453802662e-05
-0.0054512169205312962
2.8722758707370313e-05
3.5970991830278168e-05
7.0700107111979055e-06
-0.00061057080665903628
0.00023379182554897915
0.0018470141968884531
-0.00011091378582158046
0.0015156867603903044
-0.00013578986720329912
-5.3854141321974457e-05
6.4162472411549969e-05
0.0028733580295155275
-0.0068519706090094962
0.00044145786752805582
1.9302153315829846e-05
0.0003424157410655537
-9.6514362586742235e-06
4.49997795828317e-05
-1.7824431449815467e-05
-1.9703223749234094e-05
-0.0011044930354863916
-5.1920465328270705e-05
3.7455125197222774e-05
0.0014356349111141751
0.00010009024223304357
4.0376212977484994e-05
-5.730505341665041e-05
-0.0014436093071645774
-0.0013549624709765634
0.0035090843682041625
2.0209365306947844e-05
-0.0036443282545799956
-5.7614799770759345e-05
-4.3991882290941135e-06
3.8406690182783576e-05
0.00042532754198853709
0.0019190844300200351
-0.0028164880459293912
0.00016853265329735948
0.0093082519923158441
0.00020847665431106957
5.3722086410354822e-05
-0.00014874065605218883
-0.0036696673279570458
0.00089504565841224781
0.0029334222130991666
-1.2639705173821743e-05
-0.0056701000422680996
-2.9092486135618324e-06
8.6012159443775846e-06
-4.9232198841136162e-05
-0.00050727963377715545
-0.00027639140475791188
0.0021109073327962051
2.0294650636808776e-05
-0.00016540331353171088
-6.5143787799236974e-05
-4.6285418818470537e-06
6.4582260244934583e-05
-0.00070760226432737389
0.0022063094766651484
0.00034615786498563492
-0.00013126406237104956
-0.0035296811639165329
-0.00015186807096063059
-4.1283069372291029e-06
5.4493480773031658e-05
0.0023722334977516668
-0.00092186606836298761
-0.001849165534451069
1.9215956408944715e-05
0.0026356193305207285
2.3878216095659396e-05
9.2525387491584449e-06
-2.6351996761818661e-05
-0.00017559999909167882
-0.00055472464212336537
0.0034283505971398594
1.8618578673821365e-05
-0.00082911098146305274
8.0463886393179266e-05
1.9449078116296153e-05
-2.0331478255198586e-05
-0.00185121642145088
0.0047659359435260652
-0.0028446973606704889
-5.9090202378646903e-06
0.0023609237784332588
-1.3993245151037926e-05
-4.767127713057858e-06
-2.9950846781571131e-05
-0.00051346900769800089
0.00072291698617013404
0.0022524309528280571
-6.0639137657835807e-05
-0.00268384808753038
-6.7279001070433731e-05
2.3895359072752323e-05
1.8738156255410282e-05
0.0008379565399124039
-0.00074976914827992107
0.00039315114578794449
-6.0174924850042446e-05
-0.00085533046718590797
-6.6490054385637035e-05
-3.4387631692298582e-05
5.8268344785546175e-05
0.00084449535226716619
0.0015376148872257667
0.0033830012291422391
1.9831154679320283e-05
-0.0024457430579251844
3.9741335243845824e-05
2.609731789211662e-05
-1.3466310476518118e-05
-0.00069099951063019056
0.0019314385944696436
0.0011623982693852366
-1.5856031253193391e-05
0.0018234613854857141
1.1531681231322914e-05
-1.52460999291671e-05
-1.6390172251762371e-05
-6.6567251246467128e-05
-0.0011675048177685156
0.00050787527665222942
1.2010104706733542e-05
0.00038336995159601292
6.5029713083658782e-08
-1.9274904738026516e-09
2.4091235951571104e-05
-4.2476045152930519e-05
0.00014776603962595532
-0.00041620405131802913
0.000103037638591951
0.0013403370897495364
0.00014063851229536382
3.5365116957260098e-05
-4.4100828835572666e-05
-0.0014638289834091136
0.00043831614361548014
-0.00048303223082266637
0.00019933598911893628
0.0020078053369780406
0.0001277443419273627
6.9220141105424333e-05
-7.1631011791362204e-05
-0.003083104561890464
-0.00045532287862956063
