CNET_CONTRACT 2
combine
INPUTS 2
PORT_IN binary_msb 4 1 nibble_value
PORT_IN binary_msb 4 1 nibble_value
OUTPUTS 1
PORT_OUT binary_msb 8 1 byte_value
EXEMPLARS 256
0 0 0 0 0 0 0 0 0 0 0 0 0 0 0 0
0 0 0 0 0 0 0 1 0 0 0 0 0 0 0 1
0 0 0 0 0 0 1 0 0 0 0 0 0 0 1 0
0 0 0 0 0 0 1 1 0 0 0 0 0 0 1 1
0 0 0 0 0 1 0 0 0 0 0 0 0 1 0 0
0 0 0 0 0 1 0 1 0 0 0 0 0 1 0 1
0 0 0 0 0 1 1 0 0 0 0 0 0 1 1 0
0 0 0 0 0 1 1 1 0 0 0 0 0 1 1 1
0 0 0 0 1 0 0 0 0 0 0 0 1 0 0 0
0 0 0 0 1 0 0 1 0 0 0 0 1 0 0 1
0 0 0 0 1 0 1 0 0 0 0 0 1 0 1 0
0 0 0 0 1 0 1 1 0 0 0 0 1 0 1 1
0 0 0 0 1 1 0 0 0 0 0 0 1 1 0 0
0 0 0 0 1 1 0 1 0 0 0 0 1 1 0 1
0 0 0 0 1 1 1 0 0 0 0 0 1 1 1 0
0 0 0 0 1 1 1 1 0 0 0 0 1 1 1 1
0 0 0 1 0 0 0 0 0 0 0 1 0 0 0 0
0 0 0 1 0 0 0 1 0 0 0 1 0 0 0 1
0 0 0 1 0 0 1 0 0 0 0 1 0 0 1 0
0 0 0 1 0 0 1 1 0 0 0 1 0 0 1 1
0 0 0 1 0 1 0 0 0 0 0 1 0 1 0 0
0 0 0 1 0 1 0 1 0 0 0 1 0 1 0 1
0 0 0 1 0 1 1 0 0 0 0 1 0 1 1 0
0 0 0 1 0 1 1 1 0 0 0 1 0 1 1 1
0 0 0 1 1 0 0 0 0 0 0 1 1 0 0 0
0 0 0 1 1 0 0 1 0 0 0 1 1 0 0 1
0 0 0 1 1 0 1 0 0 0 0 1 1 0 1 0
0 0 0 1 1 0 1 1 0 0 0 1 1 0 1 1
0 0 0 1 1 1 0 0 0 0 0 1 1 1 0 0
0 0 0 1 1 1 0 1 0 0 0 1 1 1 0 1
0 0 0 1 1 1 1 0 0 0 0 1 1 1 1 0
0 0 0 1 1 1 1 1 0 0 0 1 1 1 1 1
0 0 1 0 0 0 0 0 0 0 1 0 0 0 0 0
0 0 1 0 0 0 0 1 0 0 1 0 0 0 0 1
0 0 1 0 0 0 1 0 0 0 1 0 0 0 1 0
0 0 1 0 0 0 1 1 0 0 1 0 0 0 1 1
0 0 1 0 0 1 0 0 0 0 1 0 0 1 0 0
0 0 1 0 0 1 0 1 0 0 1 0 0 1 0 1
0 0 1 0 0 1 1 0 0 0 1 0 0 1 1 0
0 0 1 0 0 1 1 1 0 0 1 0 0 1 1 1
0 0 1 0 1 0 0 0 0 0 1 0 1 0 0 0
0 0 1 0 1 0 0 1 0 0 1 0 1 0 0 1
0 0 1 0 1 0 1 0 0 0 1 0 1 0 1 0
0 0 1 0 1 0 1 1 0 0 1 0 1 0 1 1
0 0 1 0 1 1 0 0 0 0 1 0 1 1 0 0
0 0 1 0 1 1 0 1 0 0 1 0 1 1 0 1
0 0 1 0 1 1 1 0 0 0 1 0 1 1 1 0
0 0 1 0 1 1 1 1 0 0 1 0 1 1 1 1
0 0 1 1 0 0 0 0 0 0 1 1 0 0 0 0
0 0 1 1 0 0 0 1 0 0 1 1 0 0 0 1
0 0 1 1 0 0 1 0 0 0 1 1 0 0 1 0
0 0 1 1 0 0 1 1 0 0 1 1 0 0 1 1
0 0 1 1 0 1 0 0 0 0 1 1 0 1 0 0
0 0 1 1 0 1 0 1 0 0 1 1 0 1 0 1
0 0 1 1 0 1 1 0 0 0 1 1 0 1 1 0
0 0 1 1 0 1 1 1 0 0 1 1 0 1 1 1
0 0 1 1 1 0 0 0 0 0 1 1 1 0 0 0
0 0 1 1 1 0 0 1 0 0 1 1 1 0 0 1
0 0 1 1 1 0 1 0 0 0 1 1 1 0 1 0
0 0 1 1 1 0 1 1 0 0 1 1 1 0 1 1
0 0 1 1 1 1 0 0 0 0 1 1 1 1 0 0
0 0 1 1 1 1 0 1 0 0 1 1 1 1 0 1
0 0 1 1 1 1 1 0 0 0 1 1 1 1 1 0
0 0 1 1 1 1 1 1 0 0 1 1 1 1 1 1
0 1 0 0 0 0 0 0 0 1 0 0 0 0 0 0
0 1 0 0 0 0 0 1 0 1 0 0 0 0 0 1
0 1 0 0 0 0 1 0 0 1 0 0 0 0 1 0
0 1 0 0 0 0 1 1 0 1 0 0 0 0 1 1
0 1 0 0 0 1 0 0 0 1 0 0 0 1 0 0
0 1 0 0 0 1 0 1 0 1 0 0 0 1 0 1
0 1 0 0 0 1 1 0 0 1 0 0 0 1 1 0
0 1 0 0 0 1 1 1 0 1 0 0 0 1 1 1
0 1 0 0 1 0 0 0 0 1 0 0 1 0 0 0
0 1 0 0 1 0 0 1 0 1 0 0 1 0 0 1
0 1 0 0 1 0 1 0 0 1 0 0 1 0 1 0
0 1 0 0 1 0 1 1 0 1 0 0 1 0 1 1
0 1 0 0 1 1 0 0 0 1 0 0 1 1 0 0
0 1 0 0 1 1 0 1 0 1 0 0 1 1 0 1
0 1 0 0 1 1 1 0 0 1 0 0 1 1 1 0
0 1 0 0 1 1 1 1 0 1 0 0 1 1 1 1
0 1 0 1 0 0 0 0 0 1 0 1 0 0 0 0
0 1 0 1 0 0 0 1 0 1 0 1 0 0 0 1
0 1 0 1 0 0 1 0 0 1 0 1 0 0 1 0
0 1 0 1 0 0 1 1 0 1 0 1 0 0 1 1
0 1 0 1 0 1 0 0 0 1 0 1 0 1 0 0
0 1 0 1 0 1 0 1 0 1 0 1 0 1 0 1
0 1 0 1 0 1 1 0 0 1 0 1 0 1 1 0
0 1 0 1 0 1 1 1 0 1 0 1 0 1 1 1
0 1 0 1 1 0 0 0 0 1 0 1 1 0 0 0
0 1 0 1 1 0 0 1 0 1 0 1 1 0 0 1
0 1 0 1 1 0 1 0 0 1 0 1 1 0 1 0
0 1 0 1 1 0 1 1 0 1 0 1 1 0 1 1
0 1 0 1 1 1 0 0 0 1 0 1 1 1 0 0
0 1 0 1 1 1 0 1 0 1 0 1 1 1 0 1
0 1 0 1 1 1 1 0 0 1 0 1 1 1 1 0
0 1 0 1 1 1 1 1 0 1 0 1 1 1 1 1
0 1 1 0 0 0 0 0 0 1 1 0 0 0 0 0
0 1 1 0 0 0 0 1 0 1 1 0 0 0 0 1
0 1 1 0 0 0 1 0 0 1 1 0 0 0 1 0
0 1 1 0 0 0 1 1 0 1 1 0 0 0 1 1
0 1 1 0 0 1 0 0 0 1 1 0 0 1 0 0
0 1 1 0 0 1 0 1 0 1 1 0 0 1 0 1
0 1 1 0 0 1 1 0 0 1 1 0 0 1 1 0
0 1 1 0 0 1 1 1 0 1 1 0 0 1 1 1
0 1 1 0 1 0 0 0 0 1 1 0 1 0 0 0
0 1 1 0 1 0 0 1 0 1 1 0 1 0 0 1
0 1 1 0 1 0 1 0 0 1 1 0 1 0 1 0
0 1 1 0 1 0 1 1 0 1 1 0 1 0 1 1
0 1 1 0 1 1 0 0 0 1 1 0 1 1 0 0
0 1 1 0 1 1 0 1 0 1 1 0 1 1 0 1
0 1 1 0 1 1 1 0 0 1 1 0 1 1 1 0
0 1 1 0 1 1 1 1 0 1 1 0 1 1 1 1
0 1 1 1 0 0 0 0 0 1 1 1 0 0 0 0
0 1 1 1 0 0 0 1 0 1 1 1 0 0 0 1
0 1 1 1 0 0 1 0 0 1 1 1 0 0 1 0
0 1 1 1 0 0 1 1 0 1 1 1 0 0 1 1
0 1 1 1 0 1 0 0 0 1 1 1 0 1 0 0
0 1 1 1 0 1 0 1 0 1 1 1 0 1 0 1
0 1 1 1 0 1 1 0 0 1 1 1 0 1 1 0
0 1 1 1 0 1 1 1 0 1 1 1 0 1 1 1
0 1 1 1 1 0 0 0 0 1 1 1 1 0 0 0
0 1 1 1 1 0 0 1 0 1 1 1 1 0 0 1
0 1 1 1 1 0 1 0 0 1 1 1 1 0 1 0
0 1 1 1 1 0 1 1 0 1 1 1 1 0 1 1
0 1 1 1 1 1 0 0 0 1 1 1 1 1 0 0
0 1 1 1 1 1 0 1 0 1 1 1 1 1 0 1
0 1 1 1 1 1 1 0 0 1 1 1 1 1 1 0
0 1 1 1 1 1 1 1 0 1 1 1 1 1 1 1
1 0 0 0 0 0 0 0 1 0 0 0 0 0 0 0
1 0 0 0 0 0 0 1 1 0 0 0 0 0 0 1
1 0 0 0 0 0 1 0 1 0 0 0 0 0 1 0
1 0 0 0 0 0 1 1 1 0 0 0 0 0 1 1
1 0 0 0 0 1 0 0 1 0 0 0 0 1 0 0
1 0 0 0 0 1 0 1 1 0 0 0 0 1 0 1
1 0 0 0 0 1 1 0 1 0 0 0 0 1 1 0
1 0 0 0 0 1 1 1 1 0 0 0 0 1 1 1
1 0 0 0 1 0 0 0 1 0 0 0 1 0 0 0
1 0 0 0 1 0 0 1 1 0 0 0 1 0 0 1
1 0 0 0 1 0 1 0 1 0 0 0 1 0 1 0
1 0 0 0 1 0 1 1 1 0 0 0 1 0 1 1
1 0 0 0 1 1 0 0 1 0 0 0 1 1 0 0
1 0 0 0 1 1 0 1 1 0 0 0 1 1 0 1
1 0 0 0 1 1 1 0 1 0 0 0 1 1 1 0
1 0 0 0 1 1 1 1 1 0 0 0 1 1 1 1
1 0 0 1 0 0 0 0 1 0 0 1 0 0 0 0
1 0 0 1 0 0 0 1 1 0 0 1 0 0 0 1
1 0 0 1 0 0 1 0 1 0 0 1 0 0 1 0
1 0 0 1 0 0 1 1 1 0 0 1 0 0 1 1
1 0 0 1 0 1 0 0 1 0 0 1 0 1 0 0
1 0 0 1 0 1 0 1 1 0 0 1 0 1 0 1
1 0 0 1 0 1 1 0 1 0 0 1 0 1 1 0
1 0 0 1 0 1 1 1 1 0 0 1 0 1 1 1
1 0 0 1 1 0 0 0 1 0 0 1 1 0 0 0
1 0 0 1 1 0 0 1 1 0 0 1 1 0 0 1
1 0 0 1 1 0 1 0 1 0 0 1 1 0 1 0
1 0 0 1 1 0 1 1 1 0 0 1 1 0 1 1
1 0 0 1 1 1 0 0 1 0 0 1 1 1 0 0
1 0 0 1 1 1 0 1 1 0 0 1 1 1 0 1
1 0 0 1 1 1 1 0 1 0 0 1 1 1 1 0
1 0 0 1 1 1 1 1 1 0 0 1 1 1 1 1
1 0 1 0 0 0 0 0 1 0 1 0 0 0 0 0
1 0 1 0 0 0 0 1 1 0 1 0 0 0 0 1
1 0 1 0 0 0 1 0 1 0 1 0 0 0 1 0
1 0 1 0 0 0 1 1 1 0 1 0 0 0 1 1
1 0 1 0 0 1 0 0 1 0 1 0 0 1 0 0
1 0 1 0 0 1 0 1 1 0 1 0 0 1 0 1
1 0 1 0 0 1 1 0 1 0 1 0 0 1 1 0
1 0 1 0 0 1 1 1 1 0 1 0 0 1 1 1
1 0 1 0 1 0 0 0 1 0 1 0 1 0 0 0
1 0 1 0 1 0 0 1 1 0 1 0 1 0 0 1
1 0 1 0 1 0 1 0 1 0 1 0 1 0 1 0
1 0 1 0 1 0 1 1 1 0 1 0 1 0 1 1
1 0 1 0 1 1 0 0 1 0 1 0 1 1 0 0
1 0 1 0 1 1 0 1 1 0 1 0 1 1 0 1
1 0 1 0 1 1 1 0 1 0 1 0 1 1 1 0
1 0 1 0 1 1 1 1 1 0 1 0 1 1 1 1
1 0 1 1 0 0 0 0 1 0 1 1 0 0 0 0
1 0 1 1 0 0 0 1 1 0 1 1 0 0 0 1
1 0 1 1 0 0 1 0 1 0 1 1 0 0 1 0
1 0 1 1 0 0 1 1 1 0 1 1 0 0 1 1
1 0 1 1 0 1 0 0 1 0 1 1 0 1 0 0
1 0 1 1 0 1 0 1 1 0 1 1 0 1 0 1
1 0 1 1 0 1 1 0 1 0 1 1 0 1 1 0
1 0 1 1 0 1 1 1 1 0 1 1 0 1 1 1
1 0 1 1 1 0 0 0 1 0 1 1 1 0 0 0
1 0 1 1 1 0 0 1 1 0 1 1 1 0 0 1
1 0 1 1 1 0 1 0 1 0 1 1 1 0 1 0
1 0 1 1 1 0 1 1 1 0 1 1 1 0 1 1
1 0 1 1 1 1 0 0 1 0 1 1 1 1 0 0
1 0 1 1 1 1 0 1 1 0 1 1 1 1 0 1
1 0 1 1 1 1 1 0 1 0 1 1 1 1 1 0
1 0 1 1 1 1 1 1 1 0 1 1 1 1 1 1
1 1 0 0 0 0 0 0 1 1 0 0 0 0 0 0
1 1 0 0 0 0 0 1 1 1 0 0 0 0 0 1
1 1 0 0 0 0 1 0 1 1 0 0 0 0 1 0
1 1 0 0 0 0 1 1 1 1 0 0 0 0 1 1
1 1 0 0 0 1 0 0 1 1 0 0 0 1 0 0
1 1 0 0 0 1 0 1 1 1 0 0 0 1 0 1
1 1 0 0 0 1 1 0 1 1 0 0 0 1 1 0
1 1 0 0 0 1 1 1 1 1 0 0 0 1 1 1
1 1 0 0 1 0 0 0 1 1 0 0 1 0 0 0
1 1 0 0 1 0 0 1 1 1 0 0 1 0 0 1
1 1 0 0 1 0 1 0 1 1 0 0 1 0 1 0
1 1 0 0 1 0 1 1 1 1 0 0 1 0 1 1
1 1 0 0 1 1 0 0 1 1 0 0 1 1 0 0
1 1 0 0 1 1 0 1 1 1 0 0 1 1 0 1
1 1 0 0 1 1 1 0 1 1 0 0 1 1 1 0
1 1 0 0 1 1 1 1 1 1 0 0 1 1 1 1
1 1 0 1 0 0 0 0 1 1 0 1 0 0 0 0
1 1 0 1 0 0 0 1 1 1 0 1 0 0 0 1
1 1 0 1 0 0 1 0 1 1 0 1 0 0 1 0
1 1 0 1 0 0 1 1 1 1 0 1 0 0 1 1
1 1 0 1 0 1 0 0 1 1 0 1 0 1 0 0
1 1 0 1 0 1 0 1 1 1 0 1 0 1 0 1
1 1 0 1 0 1 1 0 1 1 0 1 0 1 1 0
1 1 0 1 0 1 1 1 1 1 0 1 0 1 1 1
1 1 0 1 1 0 0 0 1 1 0 1 1 0 0 0
1 1 0 1 1 0 0 1 1 1 0 1 1 0 0 1
1 1 0 1 1 0 1 0 1 1 0 1 1 0 1 0
1 1 0 1 1 0 1 1 1 1 0 1 1 0 1 1
1 1 0 1 1 1 0 0 1 1 0 1 1 1 0 0
1 1 0 1 1 1 0 1 1 1 0 1 1 1 0 1
1 1 0 1 1 1 1 0 1 1 0 1 1 1 1 0
1 1 0 1 1 1 1 1 1 1 0 1 1 1 1 1
1 1 1 0 0 0 0 0 1 1 1 0 0 0 0 0
1 1 1 0 0 0 0 1 1 1 1 0 0 0 0 1
1 1 1 0 0 0 1 0 1 1 1 0 0 0 1 0
1 1 1 0 0 0 1 1 1 1 1 0 0 0 1 1
1 1 1 0 0 1 0 0 1 1 1 0 0 1 0 0
1 1 1 0 0 1 0 1 1 1 1 0 0 1 0 1
1 1 1 0 0 1 1 0 1 1 1 0 0 1 1 0
1 1 1 0 0 1 1 1 1 1 1 0 0 1 1 1
1 1 1 0 1 0 0 0 1 1 1 0 1 0 0 0
1 1 1 0 1 0 0 1 1 1 1 0 1 0 0 1
1 1 1 0 1 0 1 0 1 1 1 0 1 0 1 0
1 1 1 0 1 0 1 1 1 1 1 0 1 0 1 1
1 1 1 0 1 1 0 0 1 1 1 0 1 1 0 0
1 1 1 0 1 1 0 1 1 1 1 0 1 1 0 1
1 1 1 0 1 1 1 0 1 1 1 0 1 1 1 0
1 1 1 0 1 1 1 1 1 1 1 0 1 1 1 1
1 1 1 1 0 0 0 0 1 1 1 1 0 0 0 0
1 1 1 1 0 0 0 1 1 1 1 1 0 0 0 1
1 1 1 1 0 0 1 0 1 1 1 1 0 0 1 0
1 1 1 1 0 0 1 1 1 1 1 1 0 0 1 1
1 1 1 1 0 1 0 0 1 1 1 1 0 1 0 0
1 1 1 1 0 1 0 1 1 1 1 1 0 1 0 1
1 1 1 1 0 1 1 0 1 1 1 1 0 1 1 0
1 1 1 1 0 1 1 1 1 1 1 1 0 1 1 1
1 1 1 1 1 0 0 0 1 1 1 1 1 0 0 0
1 1 1 1 1 0 0 1 1 1 1 1 1 0 0 1
1 1 1 1 1 0 1 0 1 1 1 1 1 0 1 0
1 1 1 1 1 0 1 1 1 1 1 1 1 0 1 1
1 1 1 1 1 1 0 0 1 1 1 1 1 1 0 0
1 1 1 1 1 1 0 1 1 1 1 1 1 1 0 1
1 1 1 1 1 1 1 0 1 1 1 1 1 1 1 0
1 1 1 1 1 1 1 1 1 1 1 1 1 1 1 1
SEAL 961b38766bf57f25
