CNET_CONTRACT 2
conditional_increment
INPUTS 2
PORT_IN binary_msb 1 1 cond_flag
PORT_IN binary_msb 4 1 nibble_value
OUTPUTS 1
PORT_OUT binary_msb 5 1 cond_result
EXEMPLARS 32
0 0 0 0 0 0 0 0 0 0
0 0 0 0 1 0 0 0 0 1
0 0 0 1 0 0 0 0 1 0
0 0 0 1 1 0 0 0 1 1
0 0 1 0 0 0 0 1 0 0
0 0 1 0 1 0 0 1 0 1
0 0 1 1 0 0 0 1 1 0
0 0 1 1 1 0 0 1 1 1
0 1 0 0 0 0 1 0 0 0
0 1 0 0 1 0 1 0 0 1
0 1 0 1 0 0 1 0 1 0
0 1 0 1 1 0 1 0 1 1
0 1 1 0 0 0 1 1 0 0
0 1 1 0 1 0 1 1 0 1
0 1 1 1 0 0 1 1 1 0
0 1 1 1 1 0 1 1 1 1
1 0 0 0 0 0 0 0 0 1
1 0 0 0 1 0 0 0 1 0
1 0 0 1 0 0 0 0 1 1
1 0 0 1 1 0 0 1 0 0
1 0 1 0 0 0 0 1 0 1
1 0 1 0 1 0 0 1 1 0
1 0 1 1 0 0 0 1 1 1
1 0 1 1 1 0 1 0 0 0
1 1 0 0 0 0 1 0 0 1
1 1 0 0 1 0 1 0 1 0
1 1 0 1 0 0 1 0 1 1
1 1 0 1 1 0 1 1 0 0
1 1 1 0 0 0 1 1 0 1
1 1 1 0 1 0 1 1 1 0
1 1 1 1 0 0 1 1 1 1
1 1 1 1 1 1 0 0 0 0
SEAL 21f063add909da2d
