CNET_BTN 5
5 5 64 64 0.80000000000000004
INPUTS 2
PORT_IN binary_msb 1 1 cond_flag
PORT_IN binary_msb 4 1 nibble_value
OUTPUTS 1
PORT_OUT binary_msb 5 1 cond_result
2.6106130190071091
-6.8893942590462389
3.0980401039866239
2.2928698012096582
-5.5308864489915877
-7.7801654439510557
-4.4397695399404968
4.2576597646747789
14.166936538784608
-9.0922177937432664
2.5588598455842355
5.2029078901714163
-4.4076633091203341
0.050740314004273049
1.3129253821371401
-0.44965965108993922
0.59619261750585906
0.35874407858398766
-0.91325441061759061
1.035753499068468
-0.31954154402324714
-0.17810695082473946
0.12449729348770067
0.69597072174041785
0.82471011685275841
0.57652700337683527
0.60122053562228173
-0.63477442496308478
0.38975331304720473
0.61241048067742865
0.11001200183111516
-0.62932119423320743
0.83916105071559899
0.2664018390948617
0.14768491158874295
0.36008368541508184
0.006662099181740347
0.42726579049549196
0.69288593527451992
0.28966286905701771
0.29694510042096467
-0.048833903687658234
0.89217863462849623
-0.37799198965614306
0.26352353299754855
-0.40550689767182707
0.84641802039476677
-0.16514719886976889
0.88814636768853172
-0.50183116121930826
-0.10289995995610918
-0.67817967631589127
0.44475775324964667
-0.44224737422399651
0.76104028090111564
0.2535344074289288
-0.066740015546611714
0.97315820615961846
0.78415034380885051
-0.094586131141086008
-0.74472017140814051
-0.24394451917521318
0.52215069174140216
0.5851725652959282
-0.74617170155366863
-0.73959238523638027
-0.97123767102380265
0.36300490068086538
-0.14264573398303643
0.12990484675190248
-7.5254055767004857
-11.969803806663139
-10.366163218031634
4.0344301175091246
0.36533879770441036
-2.9962590250619767
2.727925033579877
0.87058430334585701
1.0177704306533277
-0.46033102708477436
-1.5377149186423305
0.82294079605858961
0.54470552456666399
-0.59467080476389389
0.3575292210164715
0.17620670801955024
-0.59732230911955997
0.13083906968999137
-0.80861586641188121
0.12929505875722475
0.45649902134945225
0.55376909150848075
-0.0017904883522489405
-0.0072254869491183132
0.49528667384638142
0.65222884734762943
0.75857513928982678
-0.025767617532166855
-0.15676885999580056
0.85757321806884335
0.051062088085345618
-0.95078325054640944
-0.83456067158745961
-0.34489555420305479
0.19952610417490751
-0.044250883242486688
0.9213111907754854
0.5443275457118617
-0.86424575588723618
0.13452744307119149
-0.54238761968176497
0.17137189363989122
-0.18788801372908562
0.80570196679003903
0.36296361938825089
0.40226816916024699
0.37875986671523398
0.18830848123279975
0.86112650011160907
0.2693041488654172
-0.34742695523582978
-0.21120188983236951
-0.48177958949475669
-0.60279837010544635
0.7645867069235045
-0.47708728997997035
-0.64736063684846679
-0.75983577191824869
-0.70710695770481036
0.72324620862465994
-0.56295555716869339
0.89880438245991667
-0.63606482280738286
0.0017153267604327707
32.264208254136051
-0.0016340537249013246
-0.00036250778335160378
7.8051840411944967e-05
-6.3276066085075673
-0.0015313836078516985
0.018803143286986266
-0.1570073214487086
0.014401182154674012
-0.0010112585767256131
0.0030049926258596763
0.020999492241686377
-0.48553346138958337
0.43242008298014928
-0.48651223147234957
-0.26836525554821472
0.2380187095506455
-0.24383390714469277
-0.10500170487174912
-0.83094903116697705
-0.057750354288658705
0.65982848199206312
0.2518896550963331
-0.94861136748999453
-0.32284977120110447
0.82512605914179982
-0.24094075775871965
-0.39580574115513795
-0.0033813839628757908
0.69591660237018338
0.58676281605931901
-0.10000460199265224
0.96785064482027738
-0.33830711418352355
0.84642387737496783
-0.1329983451966322
-0.28841243782887882
0.17091203515552256
0.16499933714738899
-0.29549463779673013
0.40848989907304578
0.44609621623732498
0.04228982191438304
0.34153970212182883
0.68255987595922563
-0.41228805495580795
-0.59225833930183458
-0.40666813808315305
-0.10380626979194657
0.80874188057227914
-0.2059649966713808
0.42988567461237825
-0.72924727946009604
-0.69333904724414541
-0.66191323814948899
0.033208840228044489
0.64754343539720005
0.16342844739530404
0.29571184130129635
-0.28822203358559356
0.87366073160978663
0.40698589204409119
-0.73694125090927165
13.985353864235215
-8.0590282462867204
0.16288749137868733
-2.672547978235245
11.963317371408522
0.44147269515480686
-2.4443567965851996
-1.861554569881867
0.72528091088149982
-2.3640179316855501
1.0967847870653293
0.88027629872160817
1.2662896757326649
-0.50439543359688765
-1.3074850657354733
0.83033758377247013
-0.076019785584586164
-0.82265595263943392
-0.31020403111621347
-0.6421682534023575
-0.19171567811931359
-0.16870300356374671
0.77493607811184462
0.45361135522651419
-0.59429146472585037
-0.85652371751542655
-0.70227582017669687
-0.3900269688339969
0.27036797527688938
0.11548733827433713
0.59776560969771797
-0.10549479320044527
0.051600855629269402
-0.7664118255001976
0.43270193275369911
0.55154238941422373
-0.0055501139633026735
-0.30971264965880957
-0.9316767456582542
-0.25415494015948947
-0.35725809078164567
-0.86319750883811031
-0.78527874369827355
0.28131946680148123
0.012948513055828281
-0.61954120940399371
0.68630733576800806
0.53311242185722418
0.98129773561579081
0.1203339488627216
0.51773675587433954
-0.2118564637449192
0.35726267353630753
-0.44816036931015979
-0.70320247645463363
-0.65261305568624706
-0.74861376888786435
-0.4184616595706997
0.40189433218377285
0.67518228159258731
0.82429850020342776
-0.13321615306266152
0.83439152466889355
0.055880900416603346
-8.9062379186964069
-7.6420871981446741
8.6364174091661923
4.4751179299329085
-10.160576044741875
0.38794497003911038
-2.4142289370365315
-2.2353445960947704
1.2820859202468577
-0.92003567083053095
0.18736351342384597
-0.087195854126174213
-0.96775462620009767
-1.0850716907340103
-0.6263539280242354
0.18528546631071469
0.21640424403356517
-0.67849385289741793
0.94709625250057627
0.17097558557510428
-0.86249105154004901
0.26887970776173387
0.34184119074852332
-0.46494980234282701
-0.41315246392891281
0.94869103674299271
0.066551574140217895
0.37798735328308658
-0.90587657497837826
0.20909494299272172
0.69580195822191537
-0.69006356422876369
0.19689075936379066
0.51670894561037439
0.6616727299671854
-0.36920628483261769
-0.35266093811677712
0.20960920647279682
-0.16027240928855538
0.087658956297175517
0.027443787425790036
0.080108349544718668
-0.56533152380694263
0.40700711046233323
0.65177906120139439
-0.80084147094249247
0.29019857944099542
0.8791691271409906
-0.91566872812874733
-0.81800936655260936
-0.28423663220150119
0.20936116286044046
-0.44989875154596531
0.77425586083540432
0.3304895283713925
0.73794818381016325
-0.69242114686956768
0.25599984303904044
-0.50519330463382528
0.04907019862157809
0.24523109745371205
-0.97697338216104801
-0.8475159174261947
-0.37586231192435554
0.10381527390817179
-7.4960265324644952
-11.966544383559246
-10.386194020115475
3.8101542855796642
0.41377701020099011
-2.9911755615710502
2.7727488564031999
0.78285948105609138
1.1057586118098008
-0.11816996220206812
-1.6578503400499691
0.92647597628848921
0.49273836958813205
-0.022014222285802913
0.54332111451934539
-0.076411658001136237
-0.082907116743326806
-1.0136463084339542
0.64078538728708712
-0.61417847900101707
0.48006115040166358
0.069914869627910547
0.061165958586900236
-0.49092248753282353
-0.17208907312034596
0.17956193989411201
-0.5400443347686017
-0.16217030236335367
-0.80267689306997858
-0.17005819219649379
0.90168776897575087
0.44459782140605947
-0.53485058725390344
0.51229660699569712
-0.72765528440374527
-0.83154095271626827
0.30870610707747459
-0.64156183760593066
0.56529586033411516
-0.94173700541343619
-0.031038791108292132
0.021097468581397865
-0.93388056577169176
0.55888254062625509
-0.43920615117877465
-0.61466937521146625
-0.51643111206963599
-0.037493820963760922
0.85441635200933341
-0.1625851918129381
-0.0012764706703915366
0.97801183475023701
0.79560290513469489
0.69650797427439159
-0.37398462595891752
0.47973453539510502
-0.35278185020487213
0.90228158597477803
0.21303490010139109
-0.62500415969058976
-0.66203853294447368
-0.48938576840947623
0.40123845065913438
-0.0032101515497815788
-5.7363080194613971
67.685938918130418
4.3155101617674916
-3.1977197141083238
-4.8049705827722322
9.5350018977738475
0.0023676833653322425
0.0019194719863993815
-0.0062427715659169915
0.0015004070728638233
0.48995292054642614
-0.53309881456520214
43.103822914401924
-3.1693557030795314
-0.023194133242304064
-1.2562033697537591
-5.0903041430987761
-29.362853001691235
11.188801007928214
-0.011175635005569081
5.104155944851188
-16.793976016288635
-2.9438288817588156
5.0587158989229906
-5.2710549750115048
5.4965380257736403
-0.013273023759017932
-0.012144271389810382
0.079905713726856148
-0.059183336309264874
1.9049385696089576
-0.20101390146412926
0.93499592043843704
-5.6886612606278106
-0.017988747614203975
-3.3695612217463196
-2.163372845026625
2.3495750054539015
3.0895290987285824
0.23183788352160761
0.16410981084013637
-0.17174150379591904
-1.6359134903937114
0.4627392428129905
0.085522997293276767
-0.34102852413431056
-0.0068025999500394918
1.1847841642166397
2.438445243322342
0.22426757595070884
0.46814598823402842
0.14681552666493453
-0.60683304193884946
-0.99938449491058823
0.010418018336219449
-1.8497256750446176
0.40079692973561287
-0.91177180710989114
-0.52069751416130439
0.098299880892181474
1.0646012638052313
0.085307757787041152
-0.52729687634192779
-0.91187027542433985
-0.098393088413005106
-0.034733130144619019
-0.25052115559997212
0.47690487844194701
0.10209694398585205
-0.024736366303752269
-0.94115396368493143
0.066729415684153776
0.10722522758465322
0.10625151120433858
0.11940761106261359
0.68190457377743385
-0.0103197763675847
-0.24697887706160562
-0.25933637731918874
-0.05696391141843507
-0.094482049852388256
0.026115069044487075
-0.13313808024593404
0.0098496825768260941
-0.085586065748265522
-0.34959974849035902
-0.0077993090470510305
0.12862911077306036
0.075084096671434564
-0.036649648054072559
-0.32306155136943115
0.22369139831352175
-0.24769908414961489
-0.16378936039797515
-0.025849395847072777
-0.29019806266180964
0.14659803160538465
-0.28916282297936802
-0.016509517387787258
0.067517486444648389
-0.09805551685088576
0.06318927766491042
0.14397681381223959
0.0096048031849645926
-0.025577122939158908
0.12980226477959078
0.0051059106184688152
-0.21152695595505638
0.038482189120694038
-0.07171970093255825
0.13329058904396265
-0.034992671049517879
-0.27626594447904951
-0.13353871493085592
-0.051731450689782514
0.21944455478422314
-0.028508573423518136
-0.05095206871568813
0.093872615641983723
0.10703504768528271
-0.10755829655159344
-0.013981297794133646
-0.057075104097232598
-0.10259622960686389
0.049847048515573041
-0.0064076058857879814
0.036325553946749294
0.017061280222084977
-0.017621279147931389
0.067773775635622702
-0.13590223688906633
0.0047260874551331884
-0.023802240645153173
0.022583613022781168
0.0011667218715406503
0.02262568353555422
-0.0020647939997063694
0.024117976890364986
0.012239074693760834
-0.080086238522548606
0.026734872751414413
0.010033378689880442
-0.0027394792042294207
-0.034477619326749448
-0.0050483462372721407
-0.01520385662615714
0.0071592449551448247
-0.024511009123406913
-0.0049626694147086262
-0.025626072603195847
-0.037529374353222851
-0.02683272198118878
0.0048226642720066906
0.13835825284610007
0.012817722254397198
0.084484184787730079
-0.0038549706169382384
0.00041599019254084973
0.040732429644433306
-0.019893728034302779
-0.0044965233763863193
-0.00026122244988025325
-0.016114498617612161
0.0086993458921532617
-0.0025091652220174533
-0.034920621351899071
-0.029715762342003078
-0.069838523036163738
-0.0044181815376777844
0.031084941648329395
0.0020146866059337076
0.020235641140371737
-0.0011345495740730717
-0.017587974400133915
0.023850227369398465
0.045091289217221865
0.019049657676670835
0.024091322238475984
-0.030213026215755896
-0.0037173918568299677
0.0034407933131038347
0.0016082193864004177
-0.018920142173592672
-0.013141617799197071
-0.0046881848342200999
0.011076735388273043
-0.00053466915985184171
0.0082475603784662663
-0.037509109677773288
-0.011870980311608255
-0.012152145354785347
-0.0025841514327210493
-0.01635226586501318
0.0046007686124395954
0.014637500381425731
0.012562913624249519
0.0051355011265210642
-0.0052913212778177938
0.0057715013168162946
-0.0083756089014532485
-0.00068160724449088932
0.0056122272556046503
-0.0063544726952507232
-0.025693646034905881
0.014112880264058039
0.0010692845502672768
-0.00059715389000863212
-0.0048049038769587124
0.0076258197433064058
0.010456195609268288
0.014389619298352386
-0.0055357577619881693
-7.4904144390981932e-05
-0.015500234091901302
0.001396663665496872
0.0085558499367204
0.00077333105492618712
-0.018123384714417178
-0.0027977558227104344
-0.032359340050689141
-0.055015245103593083
-0.0050521529933312877
0.021485801665383858
0.021773304223330958
-0.016372686264411448
0.0056002097170375952
-0.0042350125566479064
-0.01296978433003422
-0.017592884928991876
-0.011708132693029427
-0.021145944914705936
0.00095536452940389041
-0.025727451488012785
-0.0097571230271156044
-0.026667968216575164
-0.049774512670811302
0.0062266200482840161
-0.01255527245935636
0.023387134270501073
-0.028258129045433851
0.0038238170479325882
0.0071402497282121421
-0.0058171788181763419
-0.029698831709509543
-0.01090442093116319
-0.012906108052263221
-3.0412645712765425e-05
0.013331701024945776
-0.007085373874574718
0.011701750859047602
0.010795015642108934
0.0056445779779956424
-0.0019301888340172784
0.0056346205402262812
0.0024375893170943568
-0.00070574540191055727
5.7294999037227779e-05
-0.0063984612328291147
-0.00098250110198133157
0.0074188115385591539
-7.8233356379062838e-05
-0.0013218336261796217
-0.0045746533947373016
0.021509783186624366
0.0067163351380761065
-0.036524780618672814
0.012191345804022499
-0.015672708586456408
-0.025512979188874196
-0.035271202885394808
-0.035285730670310128
-0.0053030423831707816
-0.029136656307978518
-0.010123253193330132
-0.012498282649241405
0.0088907309863722091
-0.007986167211923528
0.039087151731820646
0.0055077427683947744
-0.00099632735126461329
-0.004775742841048842
-0.001640420874512912
-0.00393637738604457
0.0035192072992169072
-0.0007434483195497318
0.0028895198042447473
-0.0026535717585208932
-0.010306604019384836
0.00040020063777964097
0.0081525162935746527
0.001410604009467687
0.0033119577922226789
-0.0084925501954085554
-0.00074974942049614536
-0.010808991170547708
-0.0075162664114578302
0.0027796057631303025
-0.013008279054493187
-0.001036394522381351
-0.0083831955726441955
-0.012070913409007029
-0.0005994703461506001
-0.016219120349250972
-0.0044455093478814114
0.0063937361761873977
-0.011573455721310503
-0.0070345880940304324
-0.0018703524073761775
0.014487082937034105
-2.8403182338076333e-06
-0.0036855441964039766
0.0018128023297153486
0.013838840516865953
0.011930182511827835
-0.0084537234269529537
-0.0020793092371508637
-0.0029449369859976151
-0.0005689733222188966
0.0059877067008109082
