CNET_BTN 5
10 4 3 32 0.69999999999999996
INPUTS 1
PORT_IN onehot 10 1 dec_symbol
OUTPUTS 1
PORT_OUT binary_msb 4 1 dec_digit
2.6792536439581864
-13.172566923035282
0.031467044767351064
11.417351692007712
-0.7367403701395695
-0.81228258256157704
0.7701177831766608
-0.68287587196055177
0.23814284927754822
1.0652450021511006
-0.6004274607125325
-0.2818297906437347
0.4036637842207853
-0.83906620002858912
7.667411613019758
-0.17136520642053954
-0.38362671355997269
-0.21789345607423849
-3.837138515851958
-0.094119313805442847
0.28697902943662973
2.5170986062400234
0.099757861716534044
-6.4423771175543978
-0.11635842373184904
6.5021751973201987
0.62774040840023226
0.45765213611754607
7.7286968235502451
0.16455730497337395
-0.03181415943378138
-7.1708111030321398
0.14442879232939265
0.091492698297421321
-6.9021749657070153
-0.40594876194645674
-0.34986636315036934
-27.134881799668403
40.525120045645032
4.2478276220361977
4.5679494643340774
0.46267939569674327
2.9231484348862433
5.1269487693652414
-39.308979414054633
-0.6225173582147141
2.0453178609157203
-5.674410325077174
-0.41603986968031836
