CNET_BTN 5
21 4 21 128 0.80000000000000004
INPUTS 3
PORT_IN onehot 10 1 dec_symbol
PORT_IN onehot 10 1 dec_symbol
PORT_IN binary_msb 1 1 dec_carry
OUTPUTS 1
PORT_OUT binary_msb 4 1 dec_sum
-1.9290618273904994
-2.0328357648037638
-5.4073002354158035
6.3370522904131628
-2.7793461815211296
-1.9691707569087475
-1.2753273223710104
-1.8237727319779373
-2.5395379000343086
-2.4178767168781348
-2.9128944944131314
-3.1372856408504388
0.72705668755333785
-1.5527084359979531
-2.9221618880805726
-0.38410887421937973
-1.0935909895689098
-1.6859765887594489
-2.5485373421538702
2.8429511157396039
-1.6118886502935685
5.0274201689298605
-2.8695174488662358
0.05086271313567127
-4.0442442471969002
-1.2846483569422429
1.7010080314961535
8.1297676209524887
0.1311382210634415
-2.377360500099218
-4.1424048292125288
-3.8508015296157789
-5.9550729455006186
-1.2695372071377209
-0.92805945828170588
-2.5187412131270936
1.3567348497813638
-3.6601235837483999
-1.8322738781718617
5.3891634245086957
-3.271423684334426
1.0029467671040253
-1.2775762208957588
1.0965758801065839
1.974829275205606
0.3344953946951737
-2.6004216392611306
2.9154777971635228
5.6906809374925098
-3.3075736419163624
2.3019438579339284
5.0085816284314495
0.023866213191448323
-6.4539988142647093
-1.0121160272163734
-3.2943565347364467
-0.97258885550648022
-0.33798858527615727
2.9496122772500777
-0.67411233752975175
2.2573551349615117
3.798297246346666
-0.20421118673644198
3.0388454817719572
-1.951699486572551
0.84597373348126315
-3.5343735331522144
6.5668419959690567
3.1060550150037178
4.4146104448150192
-4.6291570678629101
-2.1424503812531643
3.9540530251629606
2.080216096757586
-4.4477612413173375
1.195133470250763
5.2642525477944657
-2.4177687767030402
-1.8028786584963856
1.4550442022152845
-2.0053309856053785
-0.9867734683912498
-2.8710844176902555
-3.0923564072782104
-1.7353496917926279
1.1544944107369326
-1.4983093560640455
-2.7432484964634472
1.2782170454538859
-0.012161374608637714
0.88758871794661498
-5.2084446946613463
2.1844287212505837
0.34463385809169106
5.1131553092112814
2.2132883994506929
-0.31128647404806581
3.2443670944545508
1.2379143248582416
-1.6666775587726903
5.7956519586067481
-1.5561337076873911
-3.8794706021235195
3.7326201823887573
3.311754558470287
1.4927214298256148
-1.1130051573773543
-2.6609894276064905
-3.687344724424543
-2.5546646693928405
0.051462357472166008
0.35441640742348912
-2.6438055336721025
-2.6219911179046447
-3.8569452286693768
4.079982750993044
3.0259145445142459
-2.325056256585071
-1.037377440689446
0.042438911126399408
2.9407877600716756
-1.3255512403122083
2.0214637379082179
-3.4931371308191097
-3.0824885849113053
1.4875509667494233
-1.6866132766117323
0.47028732338117463
-4.5914905675196014
-1.4854081748571442
-5.4596834778373751
-1.9298145058872553
-4.5995280650091575
2.8404201722779048
2.1677125693837356
-5.6803523343160602
1.7797323774290488
7.9684702729083758
1.0157899582209162
-1.3625824246210108
-0.74034407880298703
0.55312447965314504
-2.0160914897806532
2.2016537237036733
4.5430451862622254
3.7855273587541398
-1.8806347913438015
3.637742804246995
-2.3639013978623145
-5.7069108472541403
-1.6497963627217194
-4.9516712312926501
-5.3768220414229706
-5.5508419611334219
3.8019813767454056
-2.385190558156324
3.9113877590791035
-0.031760362981153305
4.4272020079228502
2.1004201779928175
-1.5769788383776404
-2.6294013752861312
-0.44942553145262415
-3.2978244984416603
-2.6584119719446946
-0.31282771795422887
-2.986327150058337
-1.155395574432623
-1.2479802900023942
-0.072421484624756144
-5.6313486658658158
0.3869715687759806
-2.6864625275594096
-3.2677087779989717
-5.9905168686153276
3.0067214472191628
2.0890556404361869
1.1723203474056245
-2.4621807759157535
2.3576803792473076
-0.16383640928989265
-3.7087196642896401
6.2672384633219496
-0.0089242677377381393
3.1280484713068266
-3.4218615935193828
-2.9076791135667803
4.0902499148999416
2.9298159224966245
2.1996108900824916
-1.4028075058948224
6.5412523732380654
5.0736434876000596
4.8413699963537802
-2.614892011102905
-6.4760341271958843
0.69083969915779309
-2.2716538254601142
-0.38052068641581216
-4.1681925133492346
-0.081743262115770057
-0.300698718090394
-2.6089207462226915
3.1477220777587887
-1.4718465028172032
0.4522453478932994
2.9071984609101968
-3.2000947637486536
-3.0875568077773865
0.28381274871863604
-2.0634952435154275
2.5433918015312331
3.8340749154244835
3.8697831597262189
2.9123488975989709
5.3572705579107058
-0.78592357170632199
2.1589348570401286
2.6438869538410725
-1.978262476773172
-4.0898053340072726
-3.5940081621655677
-1.6426716581136225
2.047034165002795
-0.70356066243211013
-2.0598546892634473
-3.6774281414308319
0.93548612082836269
-0.24326397230126856
3.3302421909525988
-1.002278587834132
2.4163355462481571
-2.2685320050735847
3.023241899616492
1.2544252552993269
-4.1065110246165677
-2.5998195207366837
0.7890953640981121
-0.86727085191899078
-3.3013966254697182
-3.1863814478904153
-2.8163163335569248
2.3187263312361837
1.2886715471365553
-3.4651022268586882
4.8114090419382594
-2.7996062954673255
0.32386501684790958
-0.51634216570016833
-0.19192181854732407
-2.7216093034557778
3.4068788428463739
-2.0728808853647318
-2.471508490469533
4.039653735195075
1.3391493689513676
-3.4243929847606864
-3.9481833911185831
6.9181895250787937
-4.6487863324483305
3.1892684189626235
-5.5664270500465252
-4.5627069203865629
-0.61763957425094906
0.30681040388886777
3.3672821545749874
1.667867025064083
0.023876884600843872
-3.7997245904479251
0.40877535630578465
-3.7607172139874363
2.5372375216440179
0.31243012021592653
2.553551701670556
0.86207813950672851
2.2966721656288227
-1.8301312193972015
-4.7880164782417376
-0.57949637851923175
6.5890241334096915
-5.1124952748263555
-3.0140250166635538
5.0133977677048254
-4.3600690354129146
-5.0296512580097916
1.1815643003108995
-0.80870289359560066
-1.4714454565198301
0.76751507582437972
1.5540952539203956
-0.29195346935858396
-3.6746022002687715
-2.7584972460895476
-1.8154926111526095
-1.6943392706272582
-2.4578500686110196
1.4584357723136403
-2.3571622671757866
5.7949861377546359
-2.2576051555681298
1.9166769246714217
-0.34623209445711989
2.6178779422072416
1.6864230481775437
-3.4766258820428306
-7.5955268089961052
-0.45603282506474346
-1.6277768126991492
0.77393359596107814
1.5317710855098692
0.57982814669837135
-1.1040410691560809
3.8200327464062513
3.6680390028064078
1.1821472750598478
2.7075146377555317
2.0819352074348263
-1.1245982151249452
-3.2071526828202184
3.2434678433540625
5.3667379353857569
0.92648550742647906
2.4819296946710856
-3.314948572526454
-2.7313204599690071
2.7711604988760596
-7.7289165443585457
-2.6031135780560906
6.6385127383318547
-1.9835333324323801
-0.77486604016289473
1.5056932498458611
-2.1593021542558422
0.80648963184652245
-2.9224097092516588
-0.88917313576467139
-1.8132926346000444
-2.3727103295879322
-1.0850327888046947
-2.7869305652223386
-0.77547150397731723
1.93010106280627
-0.59741958784140647
4.7464849324776921
2.0469716979943491
-3.549150133929984
2.2471686929128851
-3.7701201611851678
2.0032419194047293
3.2899338043319766
-3.990159776562249
-1.1401633796225061
-0.17018262312633711
4.7056241082439865
-0.45381620565189212
3.6765763810330725
-1.9830552402610417
1.6241112688372941
2.2173455560381208
-3.4831183656486449
-0.38967069826712597
-5.4569171123347147
2.430968327256394
-3.3377698694952187
3.7179762370594673
-3.2334758899520133
-4.6030462250950448
4.2034912905664505
0.50996631540714121
-1.8638076169155826
-0.95763860150364155
2.0605524861649807
-1.3160844510559648
-0.7347769248638073
1.7800533826957845
-1.038710055217434
-3.2457162347666153
-2.7952841596662066
-2.0235100166055022
-2.612096532339967
-5.2922208732473672
0.36073476858381198
5.0324897302886384
-0.78980227415926507
-6.3386036650622781
0.1060936112804207
3.5883240340160185
6.5599645478632711
2.7063671252627781
7.2719676116531877
-0.52208725884956497
-1.5544136768768906
0.88316340153054074
2.5342959487423493
-4.0790871207904962
-0.2897075097522141
-3.5925262184317472
3.0133278234439316
-0.68903654623702226
3.6110638580797678
0.68431433458161461
-6.074764266708093
1.1076793529061513
1.1023228553605193
-0.45539413244694649
-7.2206506445437215
-1.7126084286382997
-3.1619276344188569
3.8250773394418656
1.7263448448189309
7.4292640212587866
-0.57477223003102951
-1.7085849960509651
-2.1537230477419511
0.94119484272971687
3.9931658357396809
-2.9389408622219526
2.6751615531409785
-2.8503212264941005
-0.56828866755067986
-1.7622233110473049
-2.2824991314239269
4.0689314585828313
4.5279820639965189
-1.2097683897839913
-4.3937456379804622
0.31802059973874125
-0.9738690122245186
2.2400530195892392
-0.40618206300674492
-0.83250038168385687
4.2467360069367475
2.9023351337016234
-2.6335380306136877
-2.7594389830395958
-0.79555458925376077
2.3889795482237259
0.4277129830572079
4.2077057452585613
4.1520301447794248
5.0248294322361913
2.3905036968821638
2.8526331151630546
5.2670106612879639
3.4392616222184915
-4.2868452439913192
-2.5987150288814389
-3.4219307588178109
-1.2159889339540835
-7.0690552025550133
-3.9970249904748956
-1.2182694392894353
-2.8396254523630917
-2.9290213359089852
-3.3405986409693154
-4.5079623983661126
-2.9087444508456226
-2.7567312673515358
-3.1176380536156447
-2.7638785567551367
-7.5914944753859013
-2.2976352991888951
-3.7801609028766978
-6.1987285924848008
-3.1158034882222361
-0.092210002487904771
-9.1807072351905319
1.6067055169222375
10.689437144644645
-0.30982381188901226
6.7058395295006807
9.3695042520463243
3.7151119344181809
-0.84511512836603542
-12.460181607200889
8.9888482826932279
10.917691952072898
0.49340081535133101
-14.676911095076404
1.6163737819391526
8.0014368478249711
-0.28624023496370282
0.12787977688232233
0.63100717546822105
0.540855309191277
-12.464192292375872
1.1199443485053506
-0.21073062732447623
-14.830544787207053
1.3905896064343426
-0.40499268520386733
-16.630750980268079
-3.3249191986851425
0.17067314463276179
-13.366109543047644
10.565740016241936
10.585990216908534
0.64184704213253896
5.9613505992580267
-3.4826735448737569
4.0991575182130298
-1.7959758820551814
4.3603469377697586
0.5605798345272045
-11.134407546692312
0.49348910858296069
6.6941334946675557
-1.6287247240956135
-8.0554534146359629
-0.12480423329556167
4.5081015376334559
-2.9938716289228973
4.0153224376314229
-1.1236228766624583
-4.8314042734711897
5.5329501047200074
7.9442544106874573
-2.5467113607705145
-2.6660779396252967
4.0405000146064536
-7.6648847360051011
-1.9244400032225115
4.8705009236062535
0.22562920433691058
-12.095714182498208
0.082795705006883602
0.92786466441177795
-0.72758168017678126
1.5410391620422104
14.719718555247145
1.8704180927243363
5.1313578604893282
-6.0723409953430609
-0.33422816340737199
3.7354365917099108
-1.3818614763438786
-1.3647552041793387
-12.559601150973373
3.6295227388271103
-0.093343802746622517
-1.1427841968377157
5.4807694995895542
-6.2941536475962732
-17.188841545480692
0.17616499403433458
0.0060442992414377903
9.0478883793823393
10.615042282940324
-1.1583680520624091
0.15214415075802601
