CNET_CONTRACT 2
dec_full_add
INPUTS 3
PORT_IN binary_msb 4 1 dec_digit
PORT_IN binary_msb 4 1 dec_digit
PORT_IN binary_msb 1 1 dec_carry
OUTPUTS 2
PORT_OUT binary_msb 4 1 dec_sum
PORT_OUT binary_msb 1 1 dec_carry
EXEMPLARS 200
0 0 0 0 0 0 0 0 0 0 0 0 0 0
0 0 0 0 0 0 0 0 1 0 0 0 1 0
0 0 0 0 0 0 0 1 0 0 0 0 1 0
0 0 0 0 0 0 0 1 1 0 0 1 0 0
0 0 0 0 0 0 1 0 0 0 0 1 0 0
0 0 0 0 0 0 1 0 1 0 0 1 1 0
0 0 0 0 0 0 1 1 0 0 0 1 1 0
0 0 0 0 0 0 1 1 1 0 1 0 0 0
0 0 0 0 0 1 0 0 0 0 1 0 0 0
0 0 0 0 0 1 0 0 1 0 1 0 1 0
0 0 0 0 0 1 0 1 0 0 1 0 1 0
0 0 0 0 0 1 0 1 1 0 1 1 0 0
0 0 0 0 0 1 1 0 0 0 1 1 0 0
0 0 0 0 0 1 1 0 1 0 1 1 1 0
0 0 0 0 0 1 1 1 0 0 1 1 1 0
0 0 0 0 0 1 1 1 1 1 0 0 0 0
0 0 0 0 1 0 0 0 0 1 0 0 0 0
0 0 0 0 1 0 0 0 1 1 0 0 1 0
0 0 0 0 1 0 0 1 0 1 0 0 1 0
0 0 0 0 1 0 0 1 1 0 0 0 0 1
0 0 0 1 0 0 0 0 0 0 0 0 1 0
0 0 0 1 0 0 0 0 1 0 0 1 0 0
0 0 0 1 0 0 0 1 0 0 0 1 0 0
0 0 0 1 0 0 0 1 1 0 0 1 1 0
0 0 0 1 0 0 1 0 0 0 0 1 1 0
0 0 0 1 0 0 1 0 1 0 1 0 0 0
0 0 0 1 0 0 1 1 0 0 1 0 0 0
0 0 0 1 0 0 1 1 1 0 1 0 1 0
0 0 0 1 0 1 0 0 0 0 1 0 1 0
0 0 0 1 0 1 0 0 1 0 1 1 0 0
0 0 0 1 0 1 0 1 0 0 1 1 0 0
0 0 0 1 0 1 0 1 1 0 1 1 1 0
0 0 0 1 0 1 1 0 0 0 1 1 1 0
0 0 0 1 0 1 1 0 1 1 0 0 0 0
0 0 0 1 0 1 1 1 0 1 0 0 0 0
0 0 0 1 0 1 1 1 1 1 0 0 1 0
0 0 0 1 1 0 0 0 0 1 0 0 1 0
0 0 0 1 1 0 0 0 1 0 0 0 0 1
0 0 0 1 1 0 0 1 0 0 0 0 0 1
0 0 0 1 1 0 0 1 1 0 0 0 1 1
0 0 1 0 0 0 0 0 0 0 0 1 0 0
0 0 1 0 0 0 0 0 1 0 0 1 1 0
0 0 1 0 0 0 0 1 0 0 0 1 1 0
0 0 1 0 0 0 0 1 1 0 1 0 0 0
0 0 1 0 0 0 1 0 0 0 1 0 0 0
0 0 1 0 0 0 1 0 1 0 1 0 1 0
0 0 1 0 0 0 1 1 0 0 1 0 1 0
0 0 1 0 0 0 1 1 1 0 1 1 0 0
0 0 1 0 0 1 0 0 0 0 1 1 0 0
0 0 1 0 0 1 0 0 1 0 1 1 1 0
0 0 1 0 0 1 0 1 0 0 1 1 1 0
0 0 1 0 0 1 0 1 1 1 0 0 0 0
0 0 1 0 0 1 1 0 0 1 0 0 0 0
0 0 1 0 0 1 1 0 1 1 0 0 1 0
0 0 1 0 0 1 1 1 0 1 0 0 1 0
0 0 1 0 0 1 1 1 1 0 0 0 0 1
0 0 1 0 1 0 0 0 0 0 0 0 0 1
0 0 1 0 1 0 0 0 1 0 0 0 1 1
0 0 1 0 1 0 0 1 0 0 0 0 1 1
0 0 1 0 1 0 0 1 1 0 0 1 0 1
0 0 1 1 0 0 0 0 0 0 0 1 1 0
0 0 1 1 0 0 0 0 1 0 1 0 0 0
0 0 1 1 0 0 0 1 0 0 1 0 0 0
0 0 1 1 0 0 0 1 1 0 1 0 1 0
0 0 1 1 0 0 1 0 0 0 1 0 1 0
0 0 1 1 0 0 1 0 1 0 1 1 0 0
0 0 1 1 0 0 1 1 0 0 1 1 0 0
0 0 1 1 0 0 1 1 1 0 1 1 1 0
0 0 1 1 0 1 0 0 0 0 1 1 1 0
0 0 1 1 0 1 0 0 1 1 0 0 0 0
0 0 1 1 0 1 0 1 0 1 0 0 0 0
0 0 1 1 0 1 0 1 1 1 0 0 1 0
0 0 1 1 0 1 1 0 0 1 0 0 1 0
0 0 1 1 0 1 1 0 1 0 0 0 0 1
0 0 1 1 0 1 1 1 0 0 0 0 0 1
0 0 1 1 0 1 1 1 1 0 0 0 1 1
0 0 1 1 1 0 0 0 0 0 0 0 1 1
0 0 1 1 1 0 0 0 1 0 0 1 0 1
0 0 1 1 1 0 0 1 0 0 0 1 0 1
0 0 1 1 1 0 0 1 1 0 0 1 1 1
0 1 0 0 0 0 0 0 0 0 1 0 0 0
0 1 0 0 0 0 0 0 1 0 1 0 1 0
0 1 0 0 0 0 0 1 0 0 1 0 1 0
0 1 0 0 0 0 0 1 1 0 1 1 0 0
0 1 0 0 0 0 1 0 0 0 1 1 0 0
0 1 0 0 0 0 1 0 1 0 1 1 1 0
0 1 0 0 0 0 1 1 0 0 1 1 1 0
0 1 0 0 0 0 1 1 1 1 0 0 0 0
0 1 0 0 0 1 0 0 0 1 0 0 0 0
0 1 0 0 0 1 0 0 1 1 0 0 1 0
0 1 0 0 0 1 0 1 0 1 0 0 1 0
0 1 0 0 0 1 0 1 1 0 0 0 0 1
0 1 0 0 0 1 1 0 0 0 0 0 0 1
0 1 0 0 0 1 1 0 1 0 0 0 1 1
0 1 0 0 0 1 1 1 0 0 0 0 1 1
0 1 0 0 0 1 1 1 1 0 0 1 0 1
0 1 0 0 1 0 0 0 0 0 0 1 0 1
0 1 0 0 1 0 0 0 1 0 0 1 1 1
0 1 0 0 1 0 0 1 0 0 0 1 1 1
0 1 0 0 1 0 0 1 1 0 1 0 0 1
0 1 0 1 0 0 0 0 0 0 1 0 1 0
0 1 0 1 0 0 0 0 1 0 1 1 0 0
0 1 0 1 0 0 0 1 0 0 1 1 0 0
0 1 0 1 0 0 0 1 1 0 1 1 1 0
0 1 0 1 0 0 1 0 0 0 1 1 1 0
0 1 0 1 0 0 1 0 1 1 0 0 0 0
0 1 0 1 0 0 1 1 0 1 0 0 0 0
0 1 0 1 0 0 1 1 1 1 0 0 1 0
0 1 0 1 0 1 0 0 0 1 0 0 1 0
0 1 0 1 0 1 0 0 1 0 0 0 0 1
0 1 0 1 0 1 0 1 0 0 0 0 0 1
0 1 0 1 0 1 0 1 1 0 0 0 1 1
0 1 0 1 0 1 1 0 0 0 0 0 1 1
0 1 0 1 0 1 1 0 1 0 0 1 0 1
0 1 0 1 0 1 1 1 0 0 0 1 0 1
0 1 0 1 0 1 1 1 1 0 0 1 1 1
0 1 0 1 1 0 0 0 0 0 0 1 1 1
0 1 0 1 1 0 0 0 1 0 1 0 0 1
0 1 0 1 1 0 0 1 0 0 1 0 0 1
0 1 0 1 1 0 0 1 1 0 1 0 1 1
0 1 1 0 0 0 0 0 0 0 1 1 0 0
0 1 1 0 0 0 0 0 1 0 1 1 1 0
0 1 1 0 0 0 0 1 0 0 1 1 1 0
0 1 1 0 0 0 0 1 1 1 0 0 0 0
0 1 1 0 0 0 1 0 0 1 0 0 0 0
0 1 1 0 0 0 1 0 1 1 0 0 1 0
0 1 1 0 0 0 1 1 0 1 0 0 1 0
0 1 1 0 0 0 1 1 1 0 0 0 0 1
0 1 1 0 0 1 0 0 0 0 0 0 0 1
0 1 1 0 0 1 0 0 1 0 0 0 1 1
0 1 1 0 0 1 0 1 0 0 0 0 1 1
0 1 1 0 0 1 0 1 1 0 0 1 0 1
0 1 1 0 0 1 1 0 0 0 0 1 0 1
0 1 1 0 0 1 1 0 1 0 0 1 1 1
0 1 1 0 0 1 1 1 0 0 0 1 1 1
0 1 1 0 0 1 1 1 1 0 1 0 0 1
0 1 1 0 1 0 0 0 0 0 1 0 0 1
0 1 1 0 1 0 0 0 1 0 1 0 1 1
0 1 1 0 1 0 0 1 0 0 1 0 1 1
0 1 1 0 1 0 0 1 1 0 1 1 0 1
0 1 1 1 0 0 0 0 0 0 1 1 1 0
0 1 1 1 0 0 0 0 1 1 0 0 0 0
0 1 1 1 0 0 0 1 0 1 0 0 0 0
0 1 1 1 0 0 0 1 1 1 0 0 1 0
0 1 1 1 0 0 1 0 0 1 0 0 1 0
0 1 1 1 0 0 1 0 1 0 0 0 0 1
0 1 1 1 0 0 1 1 0 0 0 0 0 1
0 1 1 1 0 0 1 1 1 0 0 0 1 1
0 1 1 1 0 1 0 0 0 0 0 0 1 1
0 1 1 1 0 1 0 0 1 0 0 1 0 1
0 1 1 1 0 1 0 1 0 0 0 1 0 1
0 1 1 1 0 1 0 1 1 0 0 1 1 1
0 1 1 1 0 1 1 0 0 0 0 1 1 1
0 1 1 1 0 1 1 0 1 0 1 0 0 1
0 1 1 1 0 1 1 1 0 0 1 0 0 1
0 1 1 1 0 1 1 1 1 0 1 0 1 1
0 1 1 1 1 0 0 0 0 0 1 0 1 1
0 1 1 1 1 0 0 0 1 0 1 1 0 1
0 1 1 1 1 0 0 1 0 0 1 1 0 1
0 1 1 1 1 0 0 1 1 0 1 1 1 1
1 0 0 0 0 0 0 0 0 1 0 0 0 0
1 0 0 0 0 0 0 0 1 1 0 0 1 0
1 0 0 0 0 0 0 1 0 1 0 0 1 0
1 0 0 0 0 0 0 1 1 0 0 0 0 1
1 0 0 0 0 0 1 0 0 0 0 0 0 1
1 0 0 0 0 0 1 0 1 0 0 0 1 1
1 0 0 0 0 0 1 1 0 0 0 0 1 1
1 0 0 0 0 0 1 1 1 0 0 1 0 1
1 0 0 0 0 1 0 0 0 0 0 1 0 1
1 0 0 0 0 1 0 0 1 0 0 1 1 1
1 0 0 0 0 1 0 1 0 0 0 1 1 1
1 0 0 0 0 1 0 1 1 0 1 0 0 1
1 0 0 0 0 1 1 0 0 0 1 0 0 1
1 0 0 0 0 1 1 0 1 0 1 0 1 1
1 0 0 0 0 1 1 1 0 0 1 0 1 1
1 0 0 0 0 1 1 1 1 0 1 1 0 1
1 0 0 0 1 0 0 0 0 0 1 1 0 1
1 0 0 0 1 0 0 0 1 0 1 1 1 1
1 0 0 0 1 0 0 1 0 0 1 1 1 1
1 0 0 0 1 0 0 1 1 1 0 0 0 1
1 0 0 1 0 0 0 0 0 1 0 0 1 0
1 0 0 1 0 0 0 0 1 0 0 0 0 1
1 0 0 1 0 0 0 1 0 0 0 0 0 1
1 0 0 1 0 0 0 1 1 0 0 0 1 1
1 0 0 1 0 0 1 0 0 0 0 0 1 1
1 0 0 1 0 0 1 0 1 0 0 1 0 1
1 0 0 1 0 0 1 1 0 0 0 1 0 1
1 0 0 1 0 0 1 1 1 0 0 1 1 1
1 0 0 1 0 1 0 0 0 0 0 1 1 1
1 0 0 1 0 1 0 0 1 0 1 0 0 1
1 0 0 1 0 1 0 1 0 0 1 0 0 1
1 0 0 1 0 1 0 1 1 0 1 0 1 1
1 0 0 1 0 1 1 0 0 0 1 0 1 1
1 0 0 1 0 1 1 0 1 0 1 1 0 1
1 0 0 1 0 1 1 1 0 0 1 1 0 1
1 0 0 1 0 1 1 1 1 0 1 1 1 1
1 0 0 1 1 0 0 0 0 0 1 1 1 1
1 0 0 1 1 0 0 0 1 1 0 0 0 1
1 0 0 1 1 0 0 1 0 1 0 0 0 1
1 0 0 1 1 0 0 1 1 1 0 0 1 1
SEAL c4e7cb6a5b308e4d
