CNET_BTN 5
4 10 7 64 0.69999999999999996
INPUTS 1
PORT_IN binary_msb 4 1 dec_digit
OUTPUTS 1
PORT_OUT onehot 10 1 dec_symbol
3.0138721622665625
-1.3263854792665835
-4.6874787869020897
5.0867349758077935
-6.411744828470467
0.36607372793205945
6.9959825906036226
-5.0085985036761844
-9.726722794190529
-13.383100555149944
-2.8925313776565664
-1.5775347139063811
-1.1824731865657232
7.1862730696585686
-0.42912409633278104
0.3295313726223455
-0.61445870793239421
2.6529574681454617
6.3247933070928521
8.3619161878386503
-0.99324337145522568
-1.2799279640860155
0.80956091073688918
0.97774248212073211
-5.8896600580928489
6.6215026019479444
0.50401136729720797
-3.6579766897989447
0.61756782084186068
0.11594124445395637
-0.58473036849321713
7.0756922681498438
5.3812298759037374
-0.98393798147634381
-3.2384985963764947
-1.4789034989936978
0.18207568861687104
-0.049757817999997858
3.8676369606304948
-6.263042650167101
2.6844283364550745
-7.1112520444411285
1.4558644255000464
0.66733734290623647
-0.98705158174773333
-1.7109196396388635
-2.0056185849624879
3.9026998047734343
1.8890045282350036
-15.534347835736618
-4.1209076275695686
-2.551063916763129
1.651511013049483
0.72043405194205201
3.0349246230772851
-4.5538643347398713
-21.755162788885219
0.64297798341426726
-3.6862551195441897
3.9894970436200405
-0.631463200324757
0.87158953846110065
4.3146024342940592
0.18364950486776402
-1.1225945486419309
-4.9997374481922563
4.6003730004771022
-2.4933946147577277
-7.0804235715635633
3.6612904147904364
2.6066603566774798
-10.507464343967603
1.1207220806111711
5.1118458939027898
13.626506575573707
1.0721230490677089
1.9612889624312433
2.6247340317618897
-5.0537035043155267
3.4706941566832463
-2.7519101618798598
-6.7121961981575398
-3.0413352553447699
6.1077662299907827
-2.8297374300716651
-0.32895858990462823
0.33171544405054515
0.42145934944960323
-0.42008233831577835
0.099473462617087352
-0.31204984618327919
-0.19322876309935094
1.6426768636175926
-0.65267582945914904
-0.87208939539236863
0.068273945424781018
-0.25006103548844866
-0.03166144412726675
0.23014095968912054
0.011853334005762644
0.0046372653266813701
0.21656756717502668
-0.40003179980405901
0.26324724246322623
0.12551242259609563
0.34401827156287051
-0.098601087497357173
0.012689735642289712
0.10254738162861179
-0.050328442934050602
0.0092027416914383393
0.01823777012715096
-0.31264696388822194
0.17110037295002481
0.31950492978301315
