CNET_BTN 5
9 5 16 128 0.80000000000000004
INPUTS 3
PORT_IN binary_msb 4 1 dec_digit
PORT_IN binary_msb 4 1 dec_digit
PORT_IN binary_msb 1 1 dec_carry
OUTPUTS 2
PORT_OUT binary_msb 4 1 dec_sum
PORT_OUT binary_msb 1 1 dec_carry
-5.3557207652293251
3.4709186758167854
-6.1043839409029959
2.9123527726064053
2.5493443179499327
-3.6074341321075294
0.67037449461501397
-0.22630848531462622
-3.0022521171786885
9.7770847985375582
-0.052100846599236333
-2.0557146587515351
-1.5063171336235746
1.2156410102681598
-4.591951136973722
29.058624432300427
-0.327759698225493
0.11500436683022569
8.456539713566313
14.647546304148907
4.2363366293457947
-0.066479949502910279
4.9209931147238306
3.9957289413466364
-6.4070844702428777
-17.669206846127455
10.606876900385865
6.0768778122673064
7.7121354385658734
-0.092032345703907961
0.023810714215918682
-24.78507126019942
-0.12284446836294545
2.7881266380616294
-3.2310079612512244
-14.560929872909826
-11.278596234154833
-0.090300887166419389
-4.2850985466098779
3.4714707071083173
10.821955302894812
-11.440018451620592
-13.080509680558013
14.310567917726933
5.5705209478880189
-0.094021961905312285
0.034524383443007067
-12.263987791136412
-0.090441657829468752
-8.5603823945513362
-7.0873586375722866
-1.1475796646220904
-0.55146783181610959
0.0023011899926092729
1.0773123790979979
-1.8070479475380237
-7.711723051596695
-5.5843138064065245
-9.9733366440156921
-4.3458115040381653
-10.283804110955332
-0.0071914364231482784
-0.0040254734871670575
-6.1291006088287086
-0.0033114168830703492
-4.6890318739581156
-3.6483122992504655
-7.7948443552646483
-3.2054025364698657
-1.822266552861977
0.53347366547778596
-0.87987828532245194
-3.8599436387267074
-2.7817503644351427
-4.972500139573568
-2.1652388875648989
-5.0519607422727049
7.4135012389970187
5.2735579782993449
-3.0888784963198792
4.0710151215229216
-2.3339950839917729
-1.778081016689752
-3.8959153298219467
-1.6041245697903124
-0.031300609318577317
2.6698053206711578
3.9050835900457299
-2.3509564610539626
-5.6237383445859876
-1.9767431620058995
-6.4419725984210192
11.081011214364732
-0.014108697426116404
0.036503248752058327
-24.296290330967899
-0.034615334713804055
5.1900300337372638
-6.9990753780906774
-5.5862412007020792
-0.13906719961337233
-0.035531490342050047
-3.7996939613803518
-5.1604231374831668
14.482667356420231
5.6624113405628176
16.904606634013533
-11.40684247732009
-3.4967567123319978
-0.017820586187795338
0.033507461781136526
-12.100674464156691
-0.021165420678582725
-2.8041739395512471
2.2261022663611891
-17.975187098090974
-0.06191472103411081
-0.0024073409561866867
1.1006279983570859
-1.8510410818863265
-7.7126414322886863
-5.5748829173970265
-9.8578354932477605
-4.6027169167422635
-10.62151335707606
-0.0086687807445047938
-0.0013130032435030078
-6.1683299486963694
-0.0035307705381080056
-4.1802595571620706
-3.600311572490035
-7.7693762263149093
-3.1894553857609766
3.208481208616444
0.55300100508476979
-0.89925221648743758
-3.8487104270687356
-2.7808805108475725
-4.9656860089284685
-2.16758741759869
-5.1325263971381263
-5.3484466348066695
-6.1522632095894112
-3.074491688937814
0.41319384329896014
-2.3369488635006146
-1.7918773862730395
-3.888659875011105
-1.611290170035572
1.6490559127695175
0.53462065879824583
-0.89016258833290152
-3.8599403554089489
-2.78357494924049
-4.9793470133997824
-2.1723169619742544
-5.1283804231622998
-7.6106898636191529
-6.2603596989923052
-3.0807905919510015
-4.3896156369206665
-2.3397091571652062
-1.7663524463676041
-3.8840499272003619
-1.6026678268906724
-0.17115580237593617
0.53807184772674499
1.1428017988926999
-6.8233006696297567
0.62154349751327709
3.6611678357070683
-9.3288410047764412
7.4668430107405017
0.075056360107981737
-0.6394841206121904
-0.93448428232463832
6.6265346756467229
2.5103500579994718
-0.0079374197265917081
0.21168162112088781
3.3764396379647543
-6.0190537917546987
8.6814422607554587
0.013714868842138021
-0.47934479954723874
7.8467574466882102
-11.734180896904748
12.50423645392692
0.024409914741686602
-0.81041245820782859
-6.311967523877648
7.7777227805683813
6.9927348040196193
-0.012402388089122451
0.22276414216477264
8.6896080341751922
-15.87635269011912
-0.57713086087369259
-0.0019591604428683875
-0.867318558281022
-1.2813045325546473
7.2695305773379095
-0.69480602345167708
-0.015213916586808767
-0.21578268589685326
-0.22335047650342552
0.61364892827014428
1.6103535188179638
-8.7920829835994816
0.7577533704630347
0.17653810914173518
-0.56169123049521519
-1.139531102285517
6.2247482290003981
-0.53125111491741606
-0.11833273713057924
8.0753839729842447
1.0929425350663404
0.039423467951954845
-4.6779628562923374
0.097378174485409433
-0.22087678806913488
-0.78276392029446784
3.9497993255741926
-0.33817989876719584
7.8028777773939231
-12.959577508752316
-7.6337481729029042
0.014420480325473269
-0.17251873796028128
-0.3897826482804399
-0.17454462835701037
-11.813359215573891
-0.0060914898248190259
0.23678862824967034
-5.5101801400471588
3.6343373703862665
10.158656840421864
-0.0012573725709528652
0.38061330562204604
-2.098898567864226
1.5367262276503539
-14.970339880658829
0.0044021337610806342
0.48154495350189286
