CNET_BTN 5
21 21 21 96 0.80000000000000004
INPUTS 3
PORT_IN onehot 10 1 dec_symbol
PORT_IN onehot 10 1 dec_symbol
PORT_IN binary_msb 1 1 dec_carry
OUTPUTS 3
PORT_OUT onehot 10 1 dec_symbol
PORT_OUT onehot 10 1 dec_symbol
PORT_OUT binary_msb 1 1 dec_carry
-0.072378265446656487
-0.27703044890053652
-0.2864651457766314
-0.91269005150523375
-0.51522916008082453
-0.73662727097239911
-0.6346063411866022
-0.13091773342728369
-0.87566347449501825
-0.5766656654021054
-0.83908027450044753
-0.15152156084770413
-0.8695426086873832
-0.70594878849463205
-0.32275316309062546
0.44332038816361125
0.18646336464007648
-0.75706037035076268
-0.43034120304170659
0.0083225461265550305
0.24283430447898824
-0.085680078300689189
-0.2864269562614023
-0.055437790981861683
-0.25130782367086429
0.0032798695087553052
0.20974729645899565
0.37345448774026924
0.026967476197258505
0.3310479356502104
-0.089717927726555249
-0.19329707546452671
0.47587291583466201
0.57270865371640822
-0.32388997427328975
-0.23698955079338477
0.068179100484439453
-0.36784368415555235
-0.35217961658112218
-0.27378865793211155
-0.7875627510716392
-0.23544462066806127
-0.62688551285421446
0.33963897420759664
-0.67052041373839488
0.49319760276583213
-0.39443070300515276
-0.75199178903797592
-0.63068716223605648
-0.80301114372947724
0.79288643843017348
-0.097096945178253152
-0.93935099565464386
0.72628379603676585
-0.71549604660916399
-0.3615604552353357
0.28356107579455025
0.79145386687865849
0.43684692998584662
0.85852060185977275
-0.31081003582197331
0.88867687415411001
0.15047115026398572
1.0694354760137041
-0.45636330237695855
0.19127629545161559
-0.46440303979972686
-0.6097177836683948
-0.0088922685050414271
-1.1853760146296053
0.75967424341382284
-0.26331007277989255
-0.22208290372947104
-0.82441204509986787
0.74690529622616764
-1.2908894262624038
1.0127694042326456
0.28265098213374718
0.63036298170921512
-0.47290119662661118
0.57392289883111058
0.010194042017938196
0.89900867124223582
0.30595371921484671
-0.59942231546657632
-0.5241095725667676
0.73548065293615827
0.68714116623689514
-0.29619528785793664
-0.88910565853910328
0.72824948583933424
0.82330674407252691
0.61763064518736899
-0.17779977499107355
0.25986410860814585
0.70471131589853109
0.12412593382917683
0.43704217881538759
-0.051874156940846607
-0.10715501045551734
0.86343728253709207
-0.12570395865032527
0.91079302345795543
-0.54453334150106203
0.34251730413281412
-0.48926960305948586
0.21208435519675764
0.7021249074667465
-0.63092295004923382
-0.58286913133496832
-0.40885535090801628
0.87968419558646616
-1.0819724377680573
0.3286929466976013
-0.22228933685582322
-0.55015972679564584
-0.69450940093381264
0.22113030581081314
1.0908592296948112
0.40713479904506639
-0.024592875237692633
-0.51776183441627366
-0.03296060068459733
-0.15461881583408213
0.93686353413634205
0.24376741563839821
1.1178482991146141
0.45267456409676171
-0.26219459913390991
0.86085697805501182
0.10583419922880234
0.22568040720737126
0.85224196580730227
-0.89780558565113122
-1.0597495213934598
-0.3154693536138295
-0.42768756981792488
-0.18855491389172824
-1.3806223870855094
-0.48942276588069
0.46205174977392754
0.070783082997575977
-0.40422491242839237
-0.037069190463529848
-0.35149558153831129
-0.58552736349097678
0.25778500091365175
-0.69311195063395392
-0.17382316469596373
0.40021405301043855
-0.69414098477722819
-0.35257937627283181
0.42556911794097751
0.56228104833381876
-0.86414926591110863
-1.3250624327787843
-0.20956216638311856
0.037198453149128022
0.48868566189667623
-1.1740925853974442
-0.40679944846157085
-0.6758054693328932
0.47014855271624395
0.94776705527218386
0.52549906208901487
0.86976586599597328
0.89942096096474189
0.30423450335802216
-0.68902623051770928
0.80138102463777339
-0.45675919137398385
-0.39360563968388174
0.67125324231297367
-0.44690113224195444
-0.92798156684436117
0.69676261330570977
-1.2816672795944561
0.2089618866563705
-0.76229888206099716
-0.80983563335815401
0.16096638359179258
0.57980927957974304
0.40933164246119674
0.41830481353371834
1.0282271792216664
-0.35092567929203328
-0.2664141557333003
-0.46600264982786976
0.19156159312054943
1.0225205906304962
0.27902884888161406
-0.35166265619105708
-0.66654099482016949
0.72152535624436998
0.10359936380632642
0.47266535429716133
0.44901131222102797
0.81110636968455396
0.61134980905734548
0.20784087010244293
0.59119455915623931
0.21553203240370106
-0.63546740653625877
-0.70988659304740831
0.17523450661093271
-0.4079036858150818
-0.39795471334392885
-0.19422313879637781
0.91824443716241388
0.26424273867195902
0.86990647398717769
0.66220265328166206
-0.733400147135435
-0.067161593043073176
-0.071237098517174496
-0.8427355563459118
-0.78565294702546895
-1.0242281985635837
-1.0294118044213714
0.59636215866664133
0.48034040510273229
0.57755704271701236
0.19003237867450551
0.93615083511196584
-0.48885225693636292
0.0020801859800815671
-0.39060822612745666
0.95200270708193302
0.7399061942890558
-0.55082044857620072
0.20528211279371611
0.99803104538710485
0.01395232438170343
0.82150451320706974
-0.053086686375034151
-0.56325395504304421
0.17949027386451605
-1.2186979819874093
-0.93247327871768004
0.56966988225186888
-0.23319027288157251
0.20051708473578331
-0.81854698510350532
0.16949970995272617
-0.52215348192500366
-0.10290104297405846
-0.12421144402049555
1.0756914941929436
0.78112507861790847
-0.2541726552914767
-0.48740711288686717
0.29750078973927918
-0.65723128136845177
0.27313079809955237
-0.53072521426929709
0.33006999640495349
0.1755062052542852
0.95591544278108875
-0.24513352307734648
0.50621251019259705
0.21233211129529256
-1.1098493504929712
0.40152467104079098
0.20743842869249457
0.82535017846166225
0.72885219671010582
-0.35923251148651375
-0.97435157428254537
0.20710210421313024
0.57067452059652313
-0.83153127211864586
-0.27150696065428009
-1.9646350452548076
-0.81339192350206335
-0.32908851330413724
0.14300258005814664
0.54693835994056972
-0.54814171226195119
0.94855300080360982
-0.7638971296149536
-0.4308342223750013
-0.23473613489383177
0.84408766430752313
0.29343075131043461
0.35301623260093418
0.81992829607817308
-0.20480124682692374
0.79500105451223269
-0.81017614138755589
-0.60372631072554672
-0.76265833798385041
-0.67301712827023596
-0.22797426294298651
1.1651690138656827
0.20108191244549256
0.66298582410508655
0.55803308873716018
-0.2385634769010809
-0.56271246927085072
0.35737612995909668
0.13022483294232631
-0.37867620839745392
0.35120681984835778
1.1113420459516365
-0.39695072797997161
0.15258050228923614
-0.89756738667512181
0.41060717071633446
0.32343704412902619
-0.92880690268024713
0.7469076693595289
-0.60390054207628463
0.69286244488902093
-0.25322334007143776
-1.6043195720704315
0.40321491819703903
-0.26023289746684941
-0.74461642590786914
0.67146876518023313
-0.74261426883796133
0.51768987311633785
0.22581310061666454
0.012888821830992854
0.16713677619898534
-0.081939099750858196
0.2185810044764207
-1.065086380759884
0.76736652032806019
0.64751355270914834
-0.5475213613168104
0.87321508171037798
0.70304412689376428
-0.68631862196338245
0.53448090615038235
-0.1880501285552586
0.79169120869706422
0.30214200882943182
0.95343402503324204
0.77377817384739711
0.654192630439834
0.73685219512129618
0.018582956641538237
-0.68456278379004454
-0.087810716690552737
-0.28653158792474809
-1.0623315341143711
-0.51418811772865636
-0.073273505450916585
0.80354864284112293
-0.29057570160604318
-0.56053002376910455
-0.76599688838272506
-0.57043742332202363
0.00051791321922594366
0.89075183614096476
-0.12495886038993634
-0.058047011648742201
0.34772006265997185
0.82769357412762712
-0.52112691994541749
-0.57814220599469868
-0.81621646404660908
-0.00046157173630142416
0.34317111248397569
0.5195004713569169
-0.088627777988349699
-0.29184292683664459
-0.36949467078160592
0.20377349861765176
0.88440296692135523
-0.39299538523735167
0.53998187031092004
-0.95193749117616855
0.6272121274088408
0.84415183383895187
-0.62837672973789371
-0.30018320303428558
1.9618736415292324
-0.73294209647054875
-0.30845380037646991
0.68886425983620514
-0.16086979712308222
0.83039651027607708
0.0012075906300760418
0.097941678061789175
0.30604666004115239
0.13160975746506334
0.79990294793416084
0.55136638617972211
-0.99637523736510403
-0.91711469895404218
0.35331752995441656
0.038443715110638439
0.64100420416073745
-0.60119072168533405
0.82462579005257763
-0.75344387363604037
-0.27030440550553664
0.78423797420975039
-0.72429289224614135
1.0310658254651099
-0.61463127501139847
-0.50462837578133468
-0.69823248150795969
0.54548562990128191
-0.65460148825544018
0.40805266878068613
0.41034070501174574
-0.93046762100469682
0.82490448041031861
-0.99308738800093188
-0.86140636254762726
-0.39825341766805156
0.89035850875932565
-0.3686942133477551
-0.72424014099215395
-0.4792796976822421
0.98495227909356831
-0.29576471429503315
0.13322986403599207
0.39219191246045987
-0.36696261170707822
0.53809895745422853
-0.57654396158713705
0.39859764931672831
-0.106429979203404
-0.011064712462688892
-0.44818335467291809
-0.13242604837560243
-0.99766560596886988
0.65745995428779114
0.36740537223189529
0.87016674309561937
-0.32338778309352539
1.0050631872801077
0.85562815916093615
0.46702889811931603
-0.51709883985608829
-0.087955646979049243
-0.32347357952176786
-1.0391432590849667
-0.24803390112478726
0.87278166634597265
-0.25983918949239365
-0.38201524364599859
0.67578116592893667
0.054167162131939846
-0.64590576021017487
-0.55653458311202042
0.3625585559569301
-1.1439577742690172
0.58267913625064061
0.33403872199934392
-0.93107907276231205
0.75522670728533081
-0.13606250867238973
-0.93183300584528106
0.70474566826685392
-0.76702156831825052
-0.77071729029208536
-0.22867775638124624
1.6139998926083332
0.15620205692139336
-0.27018834684894349
-0.06378592210592901
0.259649949292657
-0.068462377585677081
-0.63084022819433494
0.041245072859731648
0.16144440874567961
-0.26287886137151889
0.046176124880196595
0.56623109569599284
-0.14136061523151669
-0.04732669442550818
-0.080677422764626264
0.27732859611974064
-0.5002744316098181
0.15264282364856543
0.064040149076494884
-0.099060961090204805
1.6976612021631357
-0.057873926855108823
-1.258308355865809
-1.9578763750190811
1.1450103593051748
1.3884372614042093
0.14325813275470137
1.1348547981301202
-0.92065084755600224
-1.3262749172596497
1.0901558212785518
0.23338141099160181
-2.2453789081287283
2.2179027874567958
-1.2727090317607741
-1.0507154089548782
2.2119564803127307
-2.2874859516790371
-1.4925453564847118
1.1789001117353342
0.70526993329151666
1.643633422798634
1.5605024445327709
-0.63659780622344031
-1.9406896533433071
0.34353455477191625
-1.3138259577186873
1.5319327667978153
0.5709290552416546
-1.7134092155830725
1.2181308354132849
-1.5619018451421842
0.39779876994558377
0.97659179607781987
-2.5057337779216464
-2.9422081285107176
0.30271693128940708
0.3086374301506668
-1.3146538682403999
1.4736162885948503
0.11313272562291007
0.65669862922332611
-0.3043909301564498
-1.4263792605565355
-1.7464437031185538
0.53922007935340754
0.29270421482312381
-2.3415892160095138
3.1508350001796042
-0.75504701339387792
1.0806899838586805
-1.8871357660346424
0.68794934512136163
-0.20578364710060443
-2.4734832332644325
0.98845068620064358
0.85896696056634414
1.2334911001610767
-0.68982699947099557
0.60296068788374935
-0.5838342705524594
-1.6857413989420087
-2.0694248350292823
2.6183716551566079
-0.54670798532186449
1.0154958257342162
1.3379812620751037
-0.82434715867299224
1.849339643656734
1.8949366421140703
-2.4863096102870519
-0.26588464244973165
-1.2044351346424906
-2.1568465202657121
-0.68339213927704257
2.2531984372627041
-0.9384744222566741
1.6660588016710725
-2.0636831437953216
3.5790172232706587
-2.1557743993747085
-0.60449365971604008
-2.5268147058958861
-0.80582118210812936
-0.0538076392653642
2.7494423077782719
-0.1738400195708745
-0.92893658379395216
-0.56189201790487542
-2.0016280532357635
1.5074755662320034
-2.4906399629240092
2.257004913967299
-1.1603038611257606
0.57894238682836707
1.8207426144702887
0.060595634552401058
-1.7334351175671088
-0.47007332130720986
-0.66511854666344328
0.2567388240083015
-0.44860540815880423
1.8269166738211864
1.7592501693415599
-0.61644513391516964
-1.5118152641814118
-0.14830788400307321
2.5895494575566143
2.1587399569349444
-0.81881359694193923
0.25625777819141193
-1.3202642502211328
-1.9876528029172842
-1.5878490893698558
0.7783742729353389
-2.2305689109877824
-0.7375259574802161
-1.7956245676632061
0.86475611232667082
-3.046541588661801
-0.17324631766954743
0.50723727704311128
2.5180432452151842
-0.51120271230050685
0.43732283512464576
-2.8799726576210691
0.73917296327663973
-4.317842063164262
0.56793685221040169
-2.0772085156336013
0.43720197455129228
0.58864272371171855
-1.344033014912339
2.2692847661624267
0.65464525791638872
-0.8162514824636532
0.16499607466968536
-0.83168873797897691
-1.2699408537591907
-2.1933256009162942
1.4494239954068768
2.3286652380623827
2.8180600246253262
0.81226068619579428
-1.5592172326978546
0.84672358231649614
-0.91979076019513262
-2.7462909543919456
-0.4459850524540952
1.0424542849921237
-0.96985753583729128
-0.63733993957232926
-0.28563791080934658
0.19575716506987542
1.6110177663027687
0.65874704777792659
1.1873629264251402
-1.2250391259502265
-1.7969563777902484
-2.0151320062550133
2.5515977525336568
2.4969644266569837
-2.5434581530697766
-0.34784047542140833
-1.0295691072802879
2.137105623807293
1.4410518647084456
-2.046408507548148
-0.81869664138621767
1.0275870777117593
-0.021934081990812957
-1.1559193491204311
0.76466928881690854
0.13149599100842405
-0.95521424373110064
-0.95263453579821045
0.31678635419258944
1.194511233152405
-0.88207538521311224
1.0431705081350733
2.7576748361341838
-0.64519810700941582
1.2182164761625498
1.1911339348289871
-1.874725810063776
-2.9081082207583249
-2.4469213819014941
2.0718542551415453
-1.4510769847906839
1.4381210636958197
-2.4291766013731886
-1.5478933253663503
2.1722035301241993
3.5687480865644603
-0.033344939855623874
-1.5574032501066892
-0.21342241709646692
2.0792708381210998
-1.322889286974857
-1.6370444451376815
-2.0021556240816243
0.31023430419506032
-1.4870291928217791
-0.80744383401965392
-1.1293395926186447
-1.101718930744124
-0.63547899820319109
1.0906137742712745
1.7473098049187268
1.7023685291819064
-0.2302792818694426
0.46958779313448745
1.0355110313982405
0.40740949552431749
-2.0629235035603974
-0.80218120564832796
-3.0598243541451664
-1.9146128619412566
0.56113071562812544
2.4475930345881931
1.048380349018921
0.97508803778494135
-2.4071256020727829
-2.1315859956717187
1.0710637955284972
-1.6055560621605316
-0.24404550154645924
0.20778553942541853
-1.4533789642728534
0.46400235240360616
2.9453029946816742
1.7539731190730024
3.4182424160990195
-0.011499110568039884
1.8270777357484975
0.022310001592686878
-2.2351171402350318
-0.2870139186995983
0.50075672195230148
-2.1607067663974839
-1.786272224255621
1.7577656076963264
1.4216206548299251
1.607157414135354
1.4353491700954764
1.1359134285514463
-2.1112657294918011
-0.8273342510620435
1.0770912948864286
-2.2007834515441367
0.4630657410984117
1.3251770673933805
-2.9188056460261476
-2.7150136438578287
0.63366787544243608
1.7006005322671425
-1.9810770708602146
0.71865823762396852
1.2448637246787428
1.1514087946474629
-1.9599610523076687
-1.2719628830217868
1.4066807600323803
-2.3555331296271591
-0.65205166939099124
-1.7807416739729185
-0.43954757314764181
1.8895218687834272
-2.2940201368512865
-0.83347985191420138
1.091866836914362
0.94373460082097949
0.99760894288591229
0.28250483532041315
-0.53497866270143224
1.523483205880908
-0.93566689052777197
0.42116091679437034
1.3955788180988662
-1.6028103563512208
-1.672054193356415
-0.24504158344328827
-1.4963091703750724
-1.1895005395888123
2.2120936586494309
-1.8248087350509081
2.1240422509209682
-0.017540800967739408
3.1649660533963768
-0.97093775464296017
-1.6691178190522376
0.071173448420497026
-2.680121591897155
1.7772812338505013
-1.7958609604150586
-0.85286250048983547
-1.422653680915362
1.1947406753612404
0.11029483634069995
-2.8567870548515035
-2.6176805370212848
0.43921306505077978
-0.81190545815016513
2.2343061465556544
2.5744800686551392
-1.1912556136302257
0.50825688351291065
0.17213959426597936
0.0043831479086875813
0.94218368955089482
1.6948645683291408
-2.4456813410421305
0.98967961133089244
-2.7195172426504497
-0.9864995958160192
-0.96632932696506313
1.2819562199272585
-1.6080574412450521
-1.286449262460619
-1.8868450361909943
2.6973073169031769
-0.43675948320139674
-1.3754581315106245
0.9865997089320272
-0.27625642694226643
2.9483353031812531
-1.3108107320929598
2.4857736919160751
0.52259952948944022
-2.0315996725587104
-0.81279168546586655
-0.52218462294292323
0.17135938770003331
0.27187258182103641
-0.27058713571525861
-0.23818158190053546
-1.161137546945632
-3.3190373584422219
-0.14053034530511047
-1.7762960836052917
1.9290083944389287
1.2946530181459643
-1.9061714628854585
0.86367463577788062
-1.271651198025858
-2.0691363710361368
0.31072382652305641
1.7217413643600545
0.50261642481630919
-1.4526579055484066
0.52305760204739582
-2.1411542185545964
-0.86444775725195611
1.4728698544008341
1.9812613104104058
-1.4931908203631898
-1.725015423640321
1.9955992451656881
1.5597851549008437
2.1046627707149388
-2.2763322743118
-1.0378510568464629
-1.8366908132746032
-0.18376650375153386
2.6776124133709769
3.1141522438171512
0.035884535425193889
-1.2737192618148812
-2.5685351079796472
1.2462506319922901
-0.059015259786391105
-0.6307456907156378
-0.5453238779552595
-0.61555614369552381
0.92294617328389861
-1.9136985095229637
-2.3172809731714117
1.5295721474825963
0.91390217142545904
-0.14906550762235937
-2.3932071211767294
-0.98119459896909611
1.0268826689895145
0.7143849256100705
1.9905909881236252
-1.1103791530284677
-1.0154055942350757
3.0155179534052126
-0.63677534281201253
-1.530889558303957
-0.37585011520137968
-0.2338239968180531
1.6259765385170601
-0.40744996076908424
-1.8857248455151596
1.6933606606700338
-0.83329630898768869
-0.73193192594669665
1.3539657997583925
-1.4203469951880481
-0.70937746082117514
-0.055508934733542875
0.051022238233652012
-0.19518820907018458
0.80829196499965128
1.1472805498173417
-0.89646139306699635
-0.81527427673289554
-0.39567424958583275
-0.73758099120366338
-0.11697227989228155
1.2096137199211001
0.78650096645017653
-2.7275681611826506
1.2095244427151275
-1.3704412343163985
1.3310799402128439
-0.13752731030772353
0.94368158548194614
-1.6947775087819255
-0.90365688013216816
6.3123847974143965
-3.0134901285725988
1.2366654807964617
-2.3898784679230825
0.75557114881264842
0.36750879438661643
1.6404162525733874
0.36769776830134626
-0.16003403756538598
-1.6354086018530345
2.098335478242404
-0.49888130654454255
0.30307577773516803
0.46750876752784115
0.12954071271566064
-0.40770782306398023
0.51646189681012333
-0.48561759732325321
-0.37147081243662633
-0.34688757572871853
-0.18228017317004239
-0.87625442232442452
