CNET_BTN 5
21 5 128 128 0.80000000000000004
INPUTS 3
PORT_IN onehot 10 1 dec_symbol
PORT_IN onehot 10 1 dec_symbol
PORT_IN binary_msb 1 1 dec_carry
OUTPUTS 2
PORT_OUT binary_msb 4 1 dec_sum
PORT_OUT binary_msb 1 1 dec_carry
6.2591421910421392
-8.5728439116967863
-7.6885415479877013
6.3700452184921721
-4.8313300631283136
-1.1746351580194763
-1.2033421165850362
-1.3533407288705497
-3.7891676339873617
-7.579105213271685
-1.5478621759639886
-3.37823391629599
-2.9197960408092603
-2.6075578992190001
-0.64720527747567225
-1.3282219248193312
-2.2654729003489402
-4.1163714709763228
-2.4454542458622761
-2.0897175468057303
-1.668793061309779
-0.75116875251866289
3.1167273326905005
-1.2165581509935732
0.14069915641004074
3.686161732906216
-0.28319204642807316
-0.85617941208094384
-0.62579482842048983
-0.31422247587929009
-0.77675789691656483
0.79573486638580393
-0.061421005236525848
0.35223947340382583
0.20089081929255956
-0.36407087801371857
0.73337587402913451
0.58144184035772339
0.32039934052104813
-0.065782895770463423
-0.4454308357734017
0.12040906218296109
0.24932313400282041
-0.0018738178709749305
-0.34347359484672024
-0.34053731062995801
0.37105140992042351
1.0294404877691321
0.45685665108256812
-0.29969986331563908
-0.11408573662794444
0.44296132110344838
-0.22464902818064478
0.5056745637978608
0.27405967145504495
-0.12579475703059687
0.15942812918236754
0.7264201653402127
-0.15441196253587253
-0.37861826974275492
-0.65290219569407537
-0.95508499484631315
0.53450465737968156
-0.0021541103784384671
-0.93341332253903297
0.3763236579257952
-0.78098562182304843
-0.21577974545404022
-0.97817752881278919
-0.12540744719708483
-0.43584025653190389
0.51369216117530181
-0.47033443278106385
0.89698111438106232
0.35066913749194056
0.35426767604761356
0.8994867699071335
0.4285327818563936
0.93003397646893116
0.70748170021164525
0.58610035126088011
0.31805307188299603
-0.30467005472874431
-0.26563645587171225
-0.6038379574325593
-0.86357601547207186
0.047810122172065837
0.38811712107302387
-0.52182228829246979
0.84143296194196404
0.155959748319972
0.58930089142171982
0.83225606281388687
-0.88097229592195969
-0.19109636926577916
0.067581541463983416
-0.40396931416871018
0.55209532467893507
0.49657463110121092
-0.69913592693772042
-0.52567789965859624
-0.62054073953028632
-0.68340570350793128
-0.74862466646686643
0.88732420953050661
0.82326962179971019
-0.51334973558855956
0.80985563243587355
0.0099095943303531189
0.79258697939199196
-0.45238146236351495
0.60747747501900273
-0.92449830120341492
0.38519419776671859
-0.035299633090810571
0.68253108794807316
-0.54423239742262208
-0.27146185954213531
0.31363441927608543
-1.0603299127559758
-0.18018783117918699
0.94259451580973941
-0.082610959070248777
-0.89019218014105461
-0.60022339828508764
0.68567319159795814
-0.254224757334581
0.84049679620661544
-0.7710143399633046
0.0097756725316122325
-0.65697341776130369
0.47936784128633902
0.19635639970650026
0.83616447180396969
-1.8457081525146064
-9.8575539214548815
14.761473343285969
2.2627467323323662
3.4247736075172175
-3.7910213273739273
-0.92639805573412193
2.4835217324414591
-0.6419152917440234
-1.4828506897499656
-3.6769712265109038
4.2032353107376386
-0.40009556303046884
-1.3604248878884722
4.729513234023317
-2.3740275193426497
-2.9718398223488536
-1.3971876730628032
2.0075289920814887
-0.033231635872474428
-0.33201148483970633
0.46022231104139394
-1.3083477985984733
-1.0010590273112563
-0.38138745090085413
0.72331804701812119
0.44182607767083448
0.21776602208425647
-0.18635521677596315
-0.01264915879297784
-0.37573390859072381
-0.90018430761463375
0.21271502079647814
0.25547726165789458
1.0144814627915784
-0.50788923463655766
-0.28196551715525664
0.083504050283873865
-0.86054127338540565
0.26644298200597438
0.098366150921291723
0.10115848043360631
0.088438999062823875
1.0286232190832962
-0.13761733331546513
-0.75723659837221069
-0.23604991519632187
-0.69464413544860748
-0.24879053244361132
-0.96666183690919316
-0.9289589909689121
-0.9384921006704503
-0.84117132007802853
0.61595471706077642
-0.16441405307821808
0.64760213828319646
0.90372330026329117
0.3715060174581884
0.26118964141563999
0.32482706279028084
0.61724492155085409
0.1096899937661385
-0.7609579021304671
-0.8578333437122041
0.34023951740299829
-0.76175829010171925
0.8856485501343393
-0.45583203863679672
0.57814254382254648
-0.28638007102381086
0.22941830562594637
-0.32332581583550851
0.21111127374847929
-0.63944235351775791
0.60189611905291296
-0.49028911993918556
-0.07673743788068442
-0.64761207240704943
0.40234686291879174
-0.67033242143631888
0.14599328652699883
-0.71233189038716316
0.19360106210903971
-0.65885116471198579
-0.29057114873382855
-0.87868783703390163
-0.70509908838129109
0.71911576618526463
-0.0026075451675651984
-0.66267342526953399
0.64120469808168878
-0.40768675496821838
0.9362052242931137
0.1153782423513034
0.79768777206679409
-1.0808850477537684
0.17488713212463947
0.78567370410703219
0.37193797242634735
-0.87481524421286738
-0.45731936638382614
-0.10666801248673952
-0.39412652468554543
0.26587864730478133
-0.60743836527666561
0.71833582855852962
0.22947989156313015
-0.51923913834057756
-0.17052326591888697
1.017834293044251
-0.49806699362718299
-0.017448980611038799
-1.0080848671368072
-0.60068516888938994
-0.8131001857681468
-0.33655854790992751
0.20582898753252876
0.56077556808992846
-0.74188858641400701
-0.18121813562166961
-0.1423620662251954
-0.45599963063896648
0.66439747539900962
0.23840681840115924
-0.12407214737966733
-0.97587935951466787
-0.529303865636641
3.4422921286200014
2.3712715136562279
-7.2963929151509035
11.231004626384243
-4.1025373344487512
-0.94231849878627505
3.0130664370033928
-1.6680471476920868
-2.5187919697061005
0.99191311384639791
-1.0492847107143166
5.3880763582929472
2.2241105309102962
0.34051705882818051
0.7900658128815734
2.1068447360195219
-5.0207591927157118
3.7133123434616615
-2.961870848642616
0.17290176994010051
0.58961171114803546
-0.73943406852301796
0.49598209141736621
-1.0062504351198738
-0.21772381668650204
-0.13251834466015297
0.33023536879624954
-0.14739650246412031
0.9615077560950549
-0.729798276332975
-0.30056694964866887
0.77817551737149804
-0.69886826318638484
-0.55989853235219378
0.49166882293886627
0.92150300087820958
-0.65590987393003164
0.18317111152564183
-1.0229598381750711
-0.89282606208904924
-0.23012641177976972
-0.4830321785770032
-0.9764402712906759
-0.53744712717905341
-0.11486436049273697
-0.66805569159225164
0.25491974302495446
0.69950895673556979
0.96943280525085807
0.42751683230845028
0.14441825558830407
0.65188812328786516
-0.15787395982783728
-0.33628253146713344
-0.18841047197082234
-0.46290937689192296
0.47425096704183184
0.07982894444649348
-0.22576010325812176
0.67197324535881575
0.31427420738211398
0.5544410372704931
-0.83680236866753299
0.76473108238346599
-0.9581000463725019
-0.50984454530472578
-0.25842822890859479
-0.31602657717688326
-0.82440781650264272
-0.49899646275926685
-0.51910115931730738
0.16426683434303954
-0.94020711886624908
0.21428293104065668
0.59434983175963341
0.0037891970559439559
-0.05423925290950208
0.48689938282083345
-0.031145456111957414
0.067737597196495233
-0.74945084114883498
-0.46331787193000135
0.45151702538446936
0.28218834705449897
-0.83119070000224438
-0.17771270975747058
-0.43288903861592182
0.017440524325227746
0.76491705082208727
0.92239225113383305
0.25257362355653984
-0.80784036001088777
-0.69364929576097278
0.970651190005132
-0.15143671269154102
-0.74548580356578842
0.43196115467740281
-0.88030531012945545
-0.74127164238300947
0.030547487768147107
-0.38075657013164921
0.6702352520838406
0.54382069744509476
-0.914377257982252
0.68153245832957121
-0.24369172154121616
0.57674998930194721
0.41632935609599692
0.95282140044134278
0.58682686781161331
-0.2796051942318149
0.29654555652323134
-0.50079564849969738
0.63327964904453271
0.86448623863929508
-0.50981353832809995
0.69401755224778661
0.11392409974373008
-0.67577664883028155
0.36702187531073704
-0.94411862000412772
-0.33410670079391513
-0.60195442684932232
0.58614094879566114
0.99335836715082604
-0.17973391357231636
0.064974131371223084
0.6418929923344201
3.574819198617329
0.11503242340363951
-5.2458333577775962
7.4267952850966639
1.7351021877958881
-1.8134024944841971
-3.5088656230111019
-4.0560169684527638
-2.6020976114016188
-2.9663108752666942
-0.66446045511121599
2.0439413957692367
1.7155222921542312
-0.7971616196450052
-2.5484109760793188
-1.5047342416364688
4.3073151022023888
-3.2900944350791428
-2.0675237063179912
-1.344786668919097
-1.4802986980606374
0.36277640034844466
0.68855909577700114
-0.32842933587115269
-1.0581708770951075
0.28616923670053851
0.9603656034970558
-0.77738209679848447
0.46795285059220704
0.22029505930649482
-0.062878207051345225
-0.31347704029816642
-0.95971201279729157
0.072405142756312366
0.92966455442149454
0.54152318880608619
0.10526474949965924
0.88158223717244477
-0.64895853027062222
0.14959249407747841
-0.019442135706043865
0.57179837784022225
-0.59458127060200117
0.26946111951406004
-0.61438883415083978
0.79102110968826256
-0.62055993806388743
-0.38237762114290713
-0.42938066687579785
0.096325207003865931
-0.55495048928416058
0.99975127371021844
-0.18192300957653507
-0.73170533364691492
0.66019155052103462
0.70240748385324681
-0.44293696072256028
-0.016649699630847534
-0.30935741197391026
0.71014248239025313
-0.9756848205849028
0.19576409908113585
0.94121818942933466
-0.88863970841067619
-0.41829238094253718
0.27200086366795356
0.8429819619418929
0.75493938370332547
-0.86746568774572808
0.74111751452711283
-0.46271802191477079
-0.96037295214208263
0.7990539692191323
0.46714106408519168
-0.15441406975664626
0.46056776245175035
-0.60100028352763979
-0.69932560671245891
0.95477080780386991
0.034947071592652874
0.18748039752358472
0.11005933728936577
-0.95868943656046413
1.0061416925746707
0.92125007037673345
-0.46326407610210174
-0.36235461921150386
-0.68512599776426764
0.8126760662995548
0.032202339849290169
0.62432479867034651
-0.85978730303842432
-0.52515148194287553
0.3591031949780803
0.11215144505457525
-0.50649931299954742
0.79245939725765435
-0.73911064127654225
0.36455419932528554
-0.68490435265774652
-0.75887140800774999
-0.071470963307556257
0.17620633755707346
0.50630735294136742
-0.26872298848625054
0.77053136919811471
0.52060761052175897
-0.10218057046388719
-0.15031226534585521
0.96173035435325349
-0.24095680087860036
0.34949794075207535
0.30887588952886247
-1.0048601078201542
0.01982798842005451
-0.27845686019976323
0.39549248143470606
-0.99548425326894063
0.45266188520009126
-0.35626165900175694
-0.74987433249291646
0.15540660600588327
0.2586097208155862
-0.97465694776500622
-0.65715030129482932
-0.086595046950689175
0.88071093002698009
0.51362985817206619
-0.044455089603990382
-1.8027547692039092
-3.2120458949534005
4.6667343324963886
-4.034414170908339
-4.7717215385840905
3.2102407647881934
-3.8419684010992836
1.9218405700381982
-2.0019620850628126
0.21484288864073722
-2.2580778961736465
-0.91824118372241981
-1.0675578275703843
-2.91078601803863
-1.9319656828024918
1.6071679260120268
3.6853679740050924
4.524286684619061
0.0012793038513156862
2.310568613402137
-0.74488434110997781
-0.71158519804494369
-0.17328807762431883
-0.70609212745824457
0.95865118727659004
-0.95153859964904519
-0.89040033427020615
-0.6228298829844775
0.78021229649426849
0.1763872514619097
0.6764815300552981
0.32263396730164789
0.43729642897114351
-0.55295577708871446
-0.98299150086607201
-0.83019678498996674
0.87149528435155066
0.84637330088623097
0.78668893493007264
0.30290703623224258
-0.2942148486925989
-0.73534916295556163
-0.74626875021788319
-0.30533122837496424
0.012826663686318811
0.92676839792679022
-0.71966972864300538
0.80575495772101868
-0.16288600050935895
-0.10347256596596169
-0.76177725882730429
0.016120455153827547
-0.24285205162207055
0.7995846777387724
0.80605797091642151
0.94870404966041411
-0.014824416647101799
-0.39094533246514107
0.95295195158547541
0.53397219265484019
-0.92490793870827359
0.56570273235493784
-0.99146115594630346
-0.74712263059530548
1.0118582606875712
-0.82944812306608562
-0.15368115985903724
0.39221422358088531
0.32299747590641809
0.91813391436992187
0.89077398143021325
-0.58967581522590162
-0.21444091890338871
0.095617977802511425
0.93880901316044829
-0.23820004727604996
0.56119246418653013
0.33875382186580671
0.38956035480443751
0.062145764133664974
-0.85400361233442923
0.93244310855104784
0.11823978833208725
-0.27464605849969043
-0.30172358174577635
0.76157602666390567
-0.46815547580936556
-0.57046343634459729
0.81504669671456931
-0.027230742836733629
0.72747962307475955
0.82779444280393655
0.44170692083774671
-0.84513955826606879
0.7058311334553713
-0.25904345429753434
-0.39927686711066596
0.024780573672885005
-0.51541008689971257
-0.26354406518884443
0.79265422419126341
-0.43811342374334428
-0.21072656803313169
0.013158091778507335
-0.87216586548240027
-0.39538927275256924
-0.53416424153874176
0.27185711873308366
0.66127694637179313
-0.56377537681184653
-0.78928105605596977
-0.91375560470054673
0.34852743575800932
0.17009889178077522
0.45414525550652884
0.28270035459864301
0.88651126518951073
-0.088463815125496059
-0.26612812175453682
-0.98183121469295476
-0.18041144310294105
0.05312287265831505
0.62660469643043715
-0.53512370752158323
0.084943763938291353
0.85989541620293652
-0.35526928649067552
-3.6269042041988895
4.259185659964281
-0.94817457563664354
1.0734714081435626
1.9426316718102703
-3.8724541765072318
-3.3845958059712498
-4.0699893985906375
3.6735368177512551
2.2460461422942637
-0.22698768004093772
-4.068953469692616
-2.2420109325310031
-0.86188795926739525
-4.4659112564939667
-4.7101310374735155
-3.1349571299344916
-2.9335389340554037
1.6258977468257065
0.70568078669404188
1.0540205411237427
0.8839607602300289
0.2339796307378362
0.35446935620636683
0.5611140559061909
-0.011759310595730467
-0.48341303385026102
-0.86933151259076369
-0.88159241536460553
-0.25666239850872546
0.11408026537698923
0.4112165929542772
0.028786243847212688
-0.72083604544497903
0.18702240687832331
0.46506549640651879
-0.19612723645607164
-0.68608759669210828
-0.97967023413883181
-0.5108049908235387
-0.90001001410863779
0.72982404192694383
0.71231380631248042
-0.95210348234793407
0.64494154035843176
-0.58638958938698271
-0.65125607182741896
-0.44249169782231867
0.29759190673428071
-0.3531293821221429
0.92571133638071745
-0.47588169711761619
-0.66679390311220821
0.47484839120400091
-0.78029949521552355
0.85921793405381885
-0.88259999250122623
-0.29088237746201911
0.72453602538557871
-0.13102061564053488
0.18931011033113529
-0.41799905000127718
0.030174980572425784
0.14649991860909775
-0.5233040893270724
-0.90945712181305904
0.46584557201908672
0.94533571602650024
-0.99453330036201382
0.76414159711835539
-0.37069338593383289
-0.59404060290207805
0.26038892706672018
0.92937568753062649
0.6332461809756228
0.17206200581971517
-0.66843663908182327
-0.49253027992398879
0.52676181844281367
0.6571157830665354
-0.83925374204712755
-0.031301032786413344
0.77457382589753587
-0.42201121021231403
-0.09031930830969559
-0.30662596662987185
-0.58308761236172968
-0.90544526063852659
-0.22316864732444316
-0.46479743608951485
-0.4294382463316247
0.012136936076734418
-0.61721772148346921
0.52287656604979127
-0.023731889436040841
0.47742648199660997
-0.074499685601213769
0.67594806122419204
0.30231970753352555
-0.35438650333776389
0.2767416753810395
-0.13788647286915756
0.85766762388766415
0.70429257096283493
-0.74822095597051963
-0.39111777127458935
-0.54886486728093065
0.71252491882025293
0.186376378018276
-0.18004588074701516
0.99512297894246193
-0.28963191981499309
0.048516755475442236
-0.61136271125162078
0.64189505799280433
0.50054470667229189
0.24836932325778638
0.52512830135939692
0.097023512959138983
-0.4250892863438564
-0.64772011974667987
-0.13610967131130136
-0.24615519010377346
0.59409536594887891
0.85377956597162552
0.19405164091397492
0.43727477921301117
0.88761156209250736
-5.4287698548208727
0.40522913747247641
0.45311074796267897
-1.6876650255299173
-4.1628996820058974
3.8945421659509973
3.4474204142933309
-2.0781611636756629
-1.7261923875171916
0.026116882027618409
-0.80657803015154184
3.1402377374501453
-4.936684426655396
-0.47501584069925135
3.2856221203748559
-1.1350756134569426
-3.4082987403744625
3.4623340785338526
-2.4268102356327366
-2.4999468052617497
2.2932610765133381
-0.53515914729608904
0.68755674110947385
-0.8769136647287975
-0.46079669170426379
-0.16609833436822835
-0.6048479071765217
0.0026774466755535337
0.68163551646679177
-0.97355721840696363
-0.91310065609813629
0.60041537755256269
-0.1528947877488511
0.0048024741236334682
0.36100168730989057
-0.22630351563850137
0.56328425843871477
0.68131108911101879
-0.67705793459112318
-0.67444127160599354
-0.1546763612138016
-0.21407052964609838
-0.10732454854510425
-0.14000484073567465
-0.46833904315811997
0.31251782272818135
0.58938329262118694
-0.01400695594723823
-0.71358013257238417
0.85099687055274387
-0.19602948205431767
0.25947205274067509
-0.76240014108371479
0.35969364732602893
0.62253580898077709
0.9693100088665656
0.072137158823461958
-0.058462913742212338
0.97843372827773989
-0.91325276290937163
0.90653555603653202
-0.50241590512089285
0.24349642095728019
-0.77288821375018812
0.18109268697581771
0.59305052533860947
0.069783898663501279
0.21691649214010031
0.44086053758338889
-0.17880477984054297
0.36400176442161153
0.29023111113038907
-0.076677982487096882
-0.29591807661402619
0.61631765574335085
-0.05636944372821636
-0.18902738990984455
-0.76590149718925593
-0.89892761100204022
-0.13665381830850237
0.40730628569976313
-0.41974255494562268
0.32143262732318695
-0.92909541034882792
0.61365733000105971
0.83714697356881851
-0.74789431825979957
0.30798415424710573
0.3220366084327605
-0.92565397721072507
0.61760951628241123
0.16168591024616977
-0.016941009238165574
-0.039177705162156337
-0.044757444249744739
0.64869929013920236
0.91707650402054641
0.0820902692179932
0.46388074224836978
0.071440428785994423
0.71424290504382704
0.1481945785410293
0.62809895991063791
-0.35998676040858829
-0.77930141571042599
-0.73494376415241647
0.41135744244730005
-0.27947408618172515
-0.41714542028330437
0.52420860331198671
-0.86261726392865035
0.2363173200277861
-0.42376819054258746
0.99107859481875749
0.87605719071419008
-0.89524398278373896
0.017251430711204396
0.37951399643893224
0.24929574714829389
-0.81299432860251819
-0.67108100888146627
-0.45710280394025266
0.74724337451320688
-0.40527122002304311
0.94649297491531093
0.99971816692447646
0.28567659276131896
-0.042937283248823815
2.9947928503514634
-2.6432476903260222
2.8485815009826778
-5.2224132984962885
2.2673907246083211
0.060420663309102569
-3.5593584628795791
1.7515407335531998
-1.6975134483578895
-0.67058008464298857
0.20370425594812147
1.3491786460678745
-5.2527520355960906
-0.61520663303067336
1.3494635661222878
2.0528179799550128
-2.4484736658898409
-2.9055482341611394
-4.8639273839647474
1.4579752183204069
1.9506420589899744
0.21346435461543531
-0.81645524289710669
0.98856539910398478
0.70675964708060834
-0.9090427669419564
0.63243831029277842
0.22829318794728551
0.25075394086985719
-0.25692663954660855
-0.94680847628181075
0.60748853138755787
0.69096963593377336
-0.56178305256623229
-1.0134847862239611
-0.06488596289744035
-0.58434254577946176
0.85710309129179207
0.53356991166442025
0.15267154326577448
-0.67840412811232509
0.7608282157588826
0.47731917956790448
0.61242613604696339
0.10704976705416262
-0.61532084654908259
-0.15972572808940727
-0.87255725554598362
-0.47893901872242473
-0.37963513124649717
-0.36490887076322343
0.74827530837311285
0.81203167884254557
-0.84866115373133144
0.19827916207152882
-0.65109407661329644
0.26516302940256303
0.20134335676011381
0.3827823903226959
-0.45570216546069703
-0.43211117252165854
0.21149489802442098
-0.36740784736718141
0.41062847052474871
0.46786024117077862
-0.20892777328289844
-0.64620620684184393
0.38415361456773428
0.66271642226079031
-0.31331202530020874
0.30900397497238064
-0.99848448802186962
0.36089463430896063
0.75370931825870779
0.90386010124446481
0.474220174754932
0.48413930543636152
0.8135183957838733
0.86588339893003607
0.97262071496158309
-0.074352292344511697
0.55353963618033364
-0.93650145188528111
0.8164842336711724
0.70991909727246594
0.049544970412102707
0.22185561598399592
-0.8535401414534266
0.72227324263841852
0.20297392876466352
-1.0015453384714839
0.35394200704409634
0.65969654978269665
0.69781339635182915
0.52179348723867058
-0.17532572451093337
0.89479329753821091
0.8109551419454708
-0.49484684649126459
0.42233417330883388
0.98302975660392677
0.55652788728788727
-0.69151828581439667
-0.82695442092767968
-0.55715408641407316
0.51795547410691767
0.8897197453240262
-0.57400026290259887
0.5512854062749758
-0.031719703167568877
-0.96506891393876637
0.17378860852633368
-0.24616946245174665
-0.4537061864115392
0.012000342206170595
-0.24446026671452556
0.56444511343516257
0.035879342974821767
-0.27908941544033194
-0.42873230472102813
0.35431965164827317
-0.38069661941761851
0.69553209031768848
0.98826980888513949
0.023430888530718608
-0.87795919954298762
0.97955572467668472
-0.77871801534682061
0.22177365954752012
-4.2427699902360327
4.9343680940752215
-9.0039927260939976
-3.6469700917574461
-0.93283793857623853
2.7932585258644416
4.1634515050383358
-2.6293738418534898
0.054961859170130245
-0.28256896190641578
-1.4709481100304873
-4.1000905297987371
1.0055791925453488
1.1712556672214123
2.0256163297024563
3.2536296085885446
3.9934675242106348
4.5653503519932261
0.64996533479130592
1.6710877197421838
-0.8521475104930889
0.27375954956145016
-0.018265472757683462
-1.0251352208417086
-0.53907117693683348
-0.81682267230018191
-0.37153695815816312
0.99691067173988124
-0.649470687111392
0.66603498276262652
-0.82443828332003499
0.65416176555730587
-0.90218653906252921
-0.28605643904775285
0.95403866422111472
0.81375729456348522
0.9280290363030691
-0.34489253933567482
-0.65238250448451718
0.013297623158842387
-0.62428553357903949
-0.92930698292056169
0.48336843054934087
0.16467687554844104
-0.95000076113007603
0.23455167134435698
0.80452973511858428
-0.98008744594872743
0.47390260051161548
0.79654955301987218
-0.035092079949702891
-1.0214025259813648
-0.49181222400653496
-0.0081884189325552165
0.81848771300460665
0.95102360262651242
0.16807983463826531
0.15967594026469198
0.60598770864299301
0.10703767602354521
-0.34575066949075028
-0.94826704489645763
-0.0073666528653859639
0.36056794459146169
0.97112539535329878
-0.98251601750163386
-0.26516869699020629
0.40130431603519162
-0.51460213509377151
0.739662559697425
-0.29603049886606353
-0.54132182485108249
0.60951479453557456
-0.29057480530011026
-0.78651702699995052
0.25255137484051093
-0.70646583653010675
-0.26705331769995933
-0.028046603363206517
-0.05152076269765108
-0.4015182272463293
0.38590050008283949
-0.15807050172013987
-0.9363525811364859
-0.31992303818128009
-0.57222329087141022
0.12588608758309627
0.35842201811186186
0.32023545893066163
-0.6045054532284807
0.79441512860830743
0.63257005459536031
-0.58591986688605691
0.8190433166074621
-0.22384347475935676
0.70795514447484853
0.74561187834026277
-0.71106096550103803
0.43673446158232326
-0.0040445917353087394
-0.67344081170669012
-0.32519920902774119
0.57276784485393017
-0.31835928764960769
0.37335792605837437
-0.58789936360153294
0.10843933030213468
1.0415745649520156
-0.46350596702798036
0.6603415892400013
0.37549628023091675
-0.062474006353613741
0.34284309440568805
0.38530349966718236
-0.59498666506882003
-0.62807815232417896
-0.27841464437191693
0.62643599280883033
-0.10324865301246031
-0.012710741739988487
-0.17020889240315717
-0.20033585796489015
0.75401444196748935
0.90221763507363761
0.28829084199122068
-0.72802711569538514
0.65079373741695323
-3.8924085724495692
2.7091167022574556
8.0210089065148331
-12.888293378651349
1.9862713070600064
-3.0765650161161182
-3.7443602086219259
3.8232756885315657
-0.71040471465870736
-2.4023350978150706
-0.20964068441393185
-0.68333300895898341
1.0842870181131874
-0.41976480824272572
0.42420584495928543
-2.7228481334116088
4.2756575486951167
-3.2216346011056141
1.2003211578703665
-1.4924518899372936
-1.9201780087355076
0.77507901889518971
-0.6793077593345449
1.1853233089638147
0.27844933050950599
-0.53494418547515477
0.87611989191001904
0.15115961250112633
-1.0194508505489961
-0.90891795396988739
-0.25482934237725957
-0.22604616832556307
-0.03473926988521743
0.69087148107309293
-0.15329375308973364
-0.48179360436740704
-0.31348579211050137
-0.68377181324859082
-0.35462056290616589
-0.94382560672148974
-0.73806385053665835
-0.21663809651726304
-0.80449101341346319
0.37215221555307482
-0.83746377928081017
-0.48233826181838957
0.44580707689108318
0.31966208216587588
-0.34831820819214421
0.26539271480239818
-0.042503065923869883
-0.85760945138854505
0.62528260693123372
0.70569184897591963
0.15633796205880895
0.80878652588270616
0.96165699163745144
0.14076632327599498
0.20412091325397971
0.80762622336147893
-0.59509128389804355
0.8859940123130382
-0.64911696349879799
1.1131514202225845
-0.81663111948764611
0.42921037495958797
0.45539358182282363
-0.25256010371920501
1.0008259901236147
-0.86423898955687883
-0.60031019765373916
-0.8508419864824559
-0.15554314694864049
-0.47554439093739487
0.20096855135537955
-0.46620231572294579
0.081510548531798427
-1.1042142600218996
-0.36836399968849287
-0.43213763731136917
0.056525978397180987
0.97538625526811773
-0.52826256240662284
0.41342298404739763
-0.86668586105267209
0.19604172889727192
-0.31785845728109036
0.55289222276661609
0.84087464509685528
0.17597555822019417
0.090591573010369561
0.71101806257932043
-0.63796909713742511
-0.42470463741976533
0.56386727478465837
0.83093592513344239
0.96079693204779115
0.46251215148062474
-0.41635205658702484
0.37154357550621187
0.42211534752424673
0.65796599151845703
-0.83932452486870646
0.13625089442730523
-0.70153404224844562
0.11236907985464206
-0.76649305099133647
-0.19648720964958002
0.090978446391891288
0.43451754575852353
0.016967607672300808
0.80921002645744011
-0.67289794838208072
-0.1666620392098857
0.6712661503998073
-0.36752892093460982
-1.1227132199750796
0.62425875811449749
-0.63619826259102685
0.068595067983951374
0.97238823815403252
-0.72786153199282666
-0.73672848951387726
-0.35510685610800258
0.76281043439811691
-0.20029582930790124
0.95572515535178293
-0.36293395519693689
-4.3987948134851775
-1.198242530451703
11.499686819818081
-13.879397835444376
-3.497406507096835
7.6376506337342658
2.9684246814810598
0.49434308973542473
2.7512175308453433
6.2952469513074707
2.029009534263269
-1.3947233662364977
3.2821611740320793
0.44018965201271254
0.99325122663826837
-5.0964550714533976
0.39205339898780189
3.7697520511255616
-1.9224034277016644
-3.0833210878547757
-2.5674008103589956
0.90602642482236662
-0.064622312713825777
0.84107247460434398
0.51971494467458812
0.72602989408565233
-0.065469121308303124
1.0890025428925649
-0.41924710774336527
0.50253634585874007
0.61253365196135712
0.11608195730496164
-0.36141720728500792
-0.20250026754734349
-0.67079446286948885
-0.97801728230756191
-0.36638633761933204
-0.04068377705939738
-0.25063231137063524
-0.17172211012321492
0.21262019681321137
0.84508209119435007
-0.91811200903834256
-0.39161570888173003
0.11367656727389849
1.1141754755345756
-0.74955898957604927
-0.55411450259388395
-0.60750966545078677
0.93713726807298847
-0.078318757231019179
-0.31172896665107241
-0.63297496945506593
0.47812685923941906
0.98663284794840156
0.4510972180605759
0.087238157991239337
0.87746780003011748
0.64312289560949609
0.91207901156499027
-0.97538291365505847
0.54032094505923678
0.36370440836319351
0.57207674915739293
0.40083937509923789
0.11541756778820465
0.40734971705733536
-0.23344644759184871
0.29285338610251976
0.93976228739785272
0.73939793495404438
0.48667833627777451
-0.1888696893188227
-0.16897492115634086
1.0433075052372627
-0.93294885997800214
0.77858234237379609
-0.78739768554503065
0.79610251405280874
-0.94354179048198505
0.40744225561349023
0.46942867304967117
1.0246542294085466
-1.0262005527696714
-0.39395774388889926
-0.3329527320005517
-0.21027788540053738
0.96051044087444615
0.77927819551302013
0.66474437585326274
0.022261661449223438
-0.76626442333674938
1.0085267705089218
-0.97132258843750408
0.28450922994638717
-0.11576765901018046
0.0027523028737754902
0.67189602479001087
0.041476475303915149
-0.10869965919300265
0.99778536063750023
-0.1142005392723541
0.33588922335289922
0.051902387496283856
-0.566136324075872
-0.3518464239703748
-1.117748243663349
-0.86399738012775473
-0.45734782363943477
-0.12670431349905326
-0.66738455066568247
-0.018649253615216608
0.10936173672652139
-0.5407675441505817
0.50304549523883579
0.24878709160298523
-0.89800093798670999
-0.43247448605161293
0.06584658520928631
0.37423733138605175
-0.63427928597311556
0.20477174790799738
0.84988336327745551
-0.95740939929911639
-0.43043162176484528
0.31267354433694866
0.18196959800100143
0.96082372546743777
2.5732528573376423
-3.4046642425059837
-10.508390177534727
14.743898022822844
-3.5045746770612314
-4.1266622097246985
3.400961454662264
-1.3524846107992496
2.2599906599264408
0.35405599844617092
-1.4400400523712895
-1.0125954039301373
4.4175196436690749
-0.35711823303569157
-0.82033875891153163
-1.1342085310761976
-5.098990114288962
3.7268429081575292
-2.130621093936139
2.3966997867394921
-1.1461519565291638
-0.6555239849921104
-0.88918035407850871
0.54526102697603562
0.77154062534287393
-0.29150208841026876
-0.36166469369244519
-0.5320297561503563
1.1453102501541674
0.41676025778068859
0.46633584671045936
0.24123971265982314
0.92737394435164977
-0.13964358836053187
-0.016982893062366874
0.79010382348385555
-0.31362079559755818
0.041870709263442732
0.055526696073113835
-0.48929239810329705
0.71633739069112523
-0.59676710527694699
0.12002074418670627
-0.059647924042878095
0.95260567678242025
0.60961839459470724
-0.23361455931983571
0.39811536079089443
0.81700724540288128
0.83217938890306564
0.46250913107841202
0.69051287617115686
0.83832474570025239
-0.12476080350016316
-0.080591316527592854
-0.79382100418441826
-0.065738629969297219
0.078704164747870439
0.76263604890246683
0.3371075389339746
0.51560882458976498
0.66454011947884162
0.24142488432528411
-1.1250420443246505
-0.58246946542769484
0.38302081888894352
-0.50077109119095564
-0.39345788897085726
-0.87839588676352798
0.24378856846095079
0.081167087961192055
0.54667807594342566
0.2743466860425991
-0.94345067434457208
0.32423601929025531
-0.76887915588882561
-0.37523862084123005
0.055306417442181163
-1.0017408866100572
-0.7142076809821063
0.70526561058750803
-0.73597470313953639
0.67452420674008717
0.81717417932181535
0.081716419881225869
-1.0719446847092557
0.44395001050439153
-0.72643602893273063
0.93789542808415138
-0.24910182217107416
0.13695105754057385
-0.69138513283271108
0.70417718625439019
-0.444373820144773
0.90285759441036795
0.50709964583444478
-0.56254539862444852
0.45342176605564649
-0.062092073465231191
0.077191706020050238
-0.64172588487917859
-0.57270560889651845
0.81434868220608403
0.83221497774057507
-0.66766049323561505
-0.77532318890812046
-0.42973403891929651
-0.46490058802229778
0.51776986247780699
0.63269535853263903
-0.2230697802089939
0.13199827867034405
-0.50358871391851012
-0.24505655562251494
0.38167244337427236
0.65547566823187309
0.26209642708399339
-0.4157454977697862
-0.97402289069832193
-0.76843713854672202
-0.57638315872181689
-0.80562097032786317
0.010618497640268242
0.69815200522480025
1.036456548515986
-0.012436452528254852
-0.64557116547158111
-0.52458242418344425
-2.4090079540660305
1.3774225896932055
-7.7357980376960329
10.721615266297267
2.4108800359500484
4.2250261034746428
-3.4227661909237033
-3.9349822412953532
-1.244050097395943
0.39771049188045621
-0.28920215431089369
-3.958621681487632
4.0215733150754618
-0.76284654075077396
-1.2556747904815526
-2.344406364300331
5.7507003540709443
-3.1170079968833901
-4.2839005403786317
1.3034702241605367
-0.30473560057774834
-0.91424459538334879
-0.92437663282675486
0.28282569739045915
-0.023992108954734803
0.13430847881737529
-0.073908688507447542
-0.06195138722033558
0.32934415904097908
0.67392282192115005
0.29634005290306398
-0.34462191573419843
-0.26072100123798531
-0.85731309624989416
-0.79384046637035166
-0.050746428945654842
0.91809200634519883
0.93269449728965348
0.972742965647444
-0.5408842279900643
-0.66369594635155749
-0.58491662282162671
-0.79737093441646623
0.10532638706878573
0.87607221630300025
0.544535337680494
0.31892692836824604
-0.75666855993118787
-0.098571224996030424
0.038070570285604143
0.16089404205265895
0.45182786654263418
0.34342779055525913
-0.89163356473589328
-0.92510589078004202
0.71913536882575257
0.35063786381999529
-0.028505560106020532
-0.39574599985921299
0.50687155329299682
0.20431444673857074
-0.15245146133665197
-0.59508792695254364
-0.70653318233020135
0.31810851986845806
-0.42182495641676948
0.44171183437158679
-0.6365468291027645
0.74896718762659342
0.41840956328428874
0.49638071356738445
-0.0015908104692056624
0.43602612321533119
0.77051103554816847
-0.14188098725601095
0.44915787075071117
0.13499880809791628
0.85121799842648205
0.044810699778935072
0.45951656464029361
0.35654432645011647
0.53414451541056318
0.82875642035305475
0.83243811352278629
-0.035794514601425055
0.84688717960596993
-0.48749438422164582
0.3776569034213858
-1.0018952038524733
-0.24250908347115366
-0.93821651911540338
-0.14723761156284226
-1.0627082810900663
0.24935350896010347
-0.2082814744417287
-0.58574181789575253
-0.72161442481589877
-0.8934916832545392
-1.0068499719586366
0.64390742170926252
0.66439921635691213
-0.088286628971479111
0.016559718742705315
-0.17307219629540913
-0.37738773865851949
0.53600466297543292
-0.63477761599941518
0.72114733269858788
0.62904249778001486
-0.25258607035838587
-0.78099265985243083
-0.42552992204353884
-0.20515636537397444
-0.76387606836205912
-0.85620872235174195
0.17617464221392592
0.38588496985709336
0.16832604738734008
0.57072022851703319
-0.39402539347308585
-0.95966419143062176
0.40731505015322583
0.93316314375420817
-0.75388593794062519
0.16997149393973868
-0.55126263828669508
-0.0063908506586692433
0.8498440221958764
-2.7768324256206767
-0.84052024480392329
-5.2838076191718786
7.7319802187151092
-3.6926940346883659
2.9720620266214528
3.5097915916557372
-2.753537924590201
-3.9729591125892614
-2.9293467310929078
-1.0552253505256064
5.0345440191774156
1.5991261414071121
0.71269475187219855
-0.91469783398601712
-4.8142173162739379
0.46338105445675287
3.6077960870886359
-3.3970410827334776
0.15407932956586953
0.41100102046293152
-0.35086771074463008
0.43431575348323687
-0.24738077368878794
-0.46893895251633744
0.1857602946256266
0.19276050757712881
-0.54262872628196901
0.77050322060742782
0.35549923585246418
-0.37578139412121248
0.56835642064286285
-0.634342844824893
-0.71272324660218334
0.11036155193508525
-0.81746122447761382
0.62887998424307479
-0.20796717875657933
0.7473722029276948
-0.98639282343736534
0.92443362239800697
0.54932937684577277
-0.71214920584582819
-0.65340891176884119
0.14792883624135869
-0.68167411505625164
0.31728768221342191
-0.17981714882990096
0.33093020683044172
-0.7319848509571194
-0.55644676306245877
-0.36639173144690562
-0.72740750659233577
0.65515499751042927
-0.086083860569440743
-0.59648528820928581
0.0756691487672084
-0.5720832334453555
-0.010203092238959679
-0.16627169918630463
1.0236004921845843
0.83075570052880032
-0.35414067107284031
-0.56136425509620402
-0.12818172000804492
0.1691731393794918
-0.27749072615676573
0.7583559054190665
0.94535281360383627
0.77262194950556617
-0.95652991088545647
0.14595198447991553
-0.69286331695882419
-0.57619586325503003
0.39942644584661779
0.24822726570321688
0.59094011349825137
-0.82969528446563623
0.84721722864360383
-0.80996404746585748
0.64234628451774156
-0.91742258487227679
-0.69931751768028494
0.042456474155086583
-0.47864121671798998
-0.28724899900009376
0.59681877938871131
0.63497653771393059
0.51452041266065385
-1.0371991317288511
-0.63125191488546917
0.91751578466034023
0.35716883073366934
-0.6088512087740835
0.97534141464677682
0.49433700192635305
-0.38626477491169958
0.31000151534256387
0.0354920529865657
-0.24117503487306102
0.30412254792363203
-0.6263397533567665
-0.62124922507387426
-0.97439765931497901
0.18965496786706243
0.28882681055462994
-0.048810532823689107
-0.86619788374635609
0.29503660632582274
0.88269729664269547
-0.44386891787526023
-0.32888635832744245
0.26845570480159331
0.11739213651395772
0.031861736153727595
-0.96156400365916173
0.71202970123604814
0.44133237698714123
-0.92600598500176523
-0.33924649029072984
-0.20224105184128116
0.35739235784126094
-0.46898967688059751
0.88210750343692135
-0.51357442676307374
-0.41393898972717941
-0.35575463023350579
-0.90267688127262924
-3.5189254754398966
3.4774992959308686
-2.8740379028997554
4.4002254517667065
2.00600821581267
0.95635547018579448
-3.3718792955689127
-2.8923952964694117
-0.88403682613100176
-0.6667978650857046
-0.94521204548984905
2.4549909862552441
-0.79533429245295884
-0.3691436241359024
-1.3766957231372827
4.5598899120798162
-2.2387389349344025
-3.2634963045803134
0.99936030398243836
-1.6846690222986163
0.2544825511379159
0.24665493692250995
0.69730755027307956
0.88939949521449302
0.79867996813579156
0.5570549808909343
-0.47699043458527907
0.36028863130908645
-0.79362945657821038
-0.75627348665553429
0.98430312456405467
0.11199310706787342
-1.0430856660492298
0.042601961721344915
0.33032365620069692
0.34025848903408795
0.22656960426441297
-0.09575360364015742
0.21750669506801754
-0.79402395080567512
-0.39644384508373309
-0.54371427030781505
-0.44121654173105834
0.82895229509073165
-0.28446986077936842
0.36147067633544555
-0.67509972245997096
-0.075953149999989991
0.79263876045354831
-0.86825239715386993
0.57857781440531819
0.25428648557842221
-0.25626348793490977
0.0027369289633289114
-0.74295342977704415
0.27588174385186964
-0.78995396697903952
0.059437826194420958
0.023712062864289365
-0.71990442673953592
0.20966389944192521
-0.92005703983962395
0.5311922003329681
-0.37865648232870963
-0.80213229182990775
-0.91702336217762981
-1.0515779764276025
-0.72522876155307259
-0.05055967480808652
0.96660024696077662
0.97933680150624791
0.381313602832001
-0.39208388934921079
-0.39732077974268809
0.87737961191464942
-0.0012631687030717289
-0.069538596485429108
0.87840493589302482
-0.70070420775874043
0.65660439521376868
0.54814678330268796
-0.95002109937137591
-0.33644930983424748
-0.46609743823778849
0.59385267415760135
0.87808652146249311
-0.13874640755223028
-0.64442277223489475
-0.38728436650135056
0.18116499430990043
0.091776896970866856
-0.35340762219162308
0.96377235278548401
0.95837148611387812
0.66360245570053633
-0.16617328057356043
-0.70727691608861509
0.71059570092970381
0.19865987616362496
-0.24999253903634408
-0.54980882254914087
-0.22129885984768397
-0.060109038860200734
0.10714745069231996
0.93402976698282369
-0.62457634103959092
0.20474842917327055
0.50339584942146087
-0.85772012524067254
-0.87575616298549885
-0.30947880055511767
-0.27696277737559916
0.91315600529771734
0.091046112338642335
-0.84621358113897849
0.58213032602494297
0.58751494244530045
-0.83194553501911783
0.035159297962782984
0.78600307676813863
-0.72873037239839633
0.57935973375272487
-0.74556819705174615
0.82436561396009689
0.078132999305993545
0.71939499246285732
-0.47869260092482502
0.56086476547759878
-3.9436234059176343
2.3419828505459486
-0.95906724854530812
1.3382354135371821
-3.3227745248071905
-2.5577368031004619
3.0216986074920413
-2.9581625239755192
1.5577977551807689
2.7816011061330368
0.10364822945266786
-1.1086399297819103
-3.4780744473282299
0.48291034698589119
-1.0891239296005009
0.080007989765396567
-4.4733253819405832
3.889144485925506
3.2837347933024259
1.6636395183696062
1.7636861001870929
-0.48221823211714004
0.17804157955787381
0.37059876757638444
-0.03897683825451069
-0.93632355788939603
0.070014958448545023
-0.41664421732078444
-0.60159728203351159
-0.45434589021389227
-0.93660120544672965
0.605928659956257
-0.90633076642890531
-0.11122799354174917
0.23209879512235024
0.7101852774169588
-0.086424987006535031
0.74524998376116336
-0.23529895501343151
0.1182071300739818
0.34718886435567298
-0.17716161071599842
-0.026472366803557534
-0.97572900314405575
-0.84901181965843853
-0.2523937299667634
0.44958717920743829
-0.6751335999676209
0.47079670677385815
-0.70517258647234726
-0.15892114660276541
0.39929236087093112
0.69672672557946769
-0.74157864737295154
-0.74459260330794097
0.51938084334068202
0.3496238295716021
-0.37053196923956983
-0.42115900045153953
-0.75688075204038974
-0.14461933074728395
-0.93632472382741327
-0.072519863447151514
0.025694227783514677
0.84706059916110577
-0.4109032078925956
-0.6512439541915932
0.91124251151032987
-0.091608365523390536
-0.39647986031739102
0.85656456708577566
0.38172716855328248
-0.16846953956058425
-0.10016208009547425
0.33724088043699069
-0.058119076851233908
-0.099532842274710043
-0.18901726462261786
-0.88840646154041247
0.93161981488752743
0.29825051134964331
0.2266075139194198
0.60426864930645596
0.82112155949256693
-0.57489491335525367
0.91014221114133098
0.12845447972678245
0.66152143558931964
0.0718672102957192
0.17509476666240548
0.18774480908142702
0.91530377242959648
0.81311662841897725
0.87834227864629144
0.27324724361362196
-0.74291109524314558
0.50429584787564563
0.70230059094521335
-0.59150490368068975
-0.34699688710710219
0.54134734537565088
0.70118571191123347
0.81100215312727897
0.34572532555569446
0.48556166512528692
-0.22657568855455523
0.47995507713957319
-0.073435056908210561
-0.12877843318001611
-0.64661284056247315
-0.77795976099034181
-0.86280898770053738
-0.27458725432323322
0.13779886067151675
0.26651432013603321
-0.21904022953939997
0.72378789328885107
0.6092860042529219
-0.49056359134303573
0.14834252382570232
-0.70769996501334675
-0.43815448073484575
0.55875010656551649
0.37658106686030129
0.88473472916454632
0.39115561354466954
0.064280481248270932
-0.70641871101295961
5.8319023213637795
-2.1643503304417133
1.0344256020771823
-2.2419263513337206
1.9530128758637972
-5.098568652918356
-3.047166835453138
-1.5784195456800443
3.5808580174878348
-0.89642052796331329
-0.76076975837596073
-3.3111838159003537
-3.7909789102807254
-0.34455583535500767
-2.1223284679712768
-2.8523226439922778
4.5618219444319985
-3.4965656593812664
2.3162066729984865
-1.095758765919258
0.97672074176705193
0.13419369527536951
0.33666670452568043
-0.70229786967470387
0.48439113644373094
-0.47267187398744398
-0.47123107315535623
-0.32921273420135533
0.70364579863202825
0.16023305373132996
0.58370586207652997
-0.69991234518851853
-0.76417173774606384
0.36133620359012747
-0.082446612658318125
-0.62579640517289248
0.21547886596316931
0.061704802080181337
-0.49740784501824997
-0.019327191401570454
0.06179128075187152
-0.28825025747023669
-0.73543949019168298
0.82144008953020564
0.40868884273795869
-0.56877849269161551
-0.023870501240394932
-0.48271986185066912
-0.67242094499103422
-0.55727340547040083
0.98882179585101493
0.14250367994075439
-0.35594764492187175
0.10230625937952659
0.47268823944054417
0.60151270131992496
0.12143712464907892
0.33644401132520768
0.39910515913249517
-0.28842279165629747
0.60570312032031537
0.77529019255145992
-0.17352189894415118
0.34766097118147926
-0.99726330245618733
-0.58479782770428834
0.75005239186486283
-0.26715425876151339
-0.86756692699902527
0.42313588121396961
0.33769353540411595
-0.73538910619510078
0.97593514500857215
-0.088932908937818439
-0.58912366000914895
0.80740230416875747
-0.8146922268135256
-0.95650915813374005
-0.79105150508634958
-0.27211340220934299
0.49999151647306445
0.69339733931242209
0.37840327388809009
0.0094651715270205519
0.27814450496141346
-0.34064488884034061
0.070644760610889867
-0.57774114107139463
-0.94317300520557379
0.89540517706042733
-0.96322794151083291
0.043694598813814045
0.91119142687581256
-0.37917394739317328
0.90580485078677242
0.29518395790004415
0.78425960011445139
-0.14841490306356481
-0.85791581226762492
-0.28416170446943467
0.44399578273884366
-0.84420333525389557
0.16614303702704009
0.57345948213495201
0.37027193386061324
0.219067039539563
0.040328936703185006
-0.35482278670619488
-0.88300473318345074
-0.92297894864579599
-0.88671380406202216
0.14483066255565413
-0.66193766573537927
0.40938625814793439
0.19986271823337562
-0.76826110171735063
0.3889999875670237
-0.099415567816983755
0.47080427098800226
-0.91034146665521765
0.35769531136183291
0.16258131171722223
0.90790542700028842
0.85791203703012953
-0.51556167547863119
0.0035411710502914712
-0.74840631992716122
-0.43529356477136733
2.1358002181413882
-4.1499875865728431
2.7872233194066407
-4.9465109815671324
-3.43706457496164
4.4299051832686862
3.2228151452774405
5.2260476172874855
0.057446032208231454
-1.2162713773326601
0.68785375968911278
2.004542273081332
-4.7397655820166422
-0.43842276943898767
-2.5015106352254577
-3.7160387231299263
3.4069623636670676
3.7722546367054415
-1.9743477996816137
1.8533189527687393
2.0439668594228007
-0.17570761256656883
0.32167987817022886
-0.8407435936796348
-0.29089850220728281
0.83727891423371092
-0.7864020668506807
-0.18205180545974406
-0.63744156196591739
-0.88644563773515517
-0.0061003017268569729
-0.24737095428067657
0.045962604458624344
-0.10740951862691997
0.40822081660361637
0.69403215394630613
-0.32917837487136237
-0.87434700285951339
-0.86683933617947773
-0.87622661331994478
0.54310204628580727
-0.74176577885681727
-0.85733800938034022
0.27973450319132237
0.97513701985290369
0.53256048189774385
0.1128872417708722
0.42690232722906118
0.13818334744170982
-0.48757221753485569
-0.47483179585185942
-0.40595230705904561
0.34402097428157224
-0.16605003509664987
-0.92547364346914773
0.51648340318107744
-0.23989996502862557
-0.97630435400184223
0.18108366495456688
0.011771576531410442
0.12063553591822089
0.613465430891873
-0.75295349356253405
0.34720925932128716
0.21897796164484279
-0.91663700359271649
0.26690427532696337
0.89385318425182725
-0.43533772248302782
0.91998781778793381
-0.3312747339379345
-0.26379549191578594
-0.52817196674314049
-0.47524711441460826
0.80313986732471854
-0.59567650124545601
-0.40878837822767589
0.96689503899644336
-0.9248541988886837
0.39310026466443265
-0.88624988882156841
0.55147193830716457
-0.87395338428298941
0.71813545063788664
0.96538239440353713
-0.94762178264366581
-0.99614887360731019
-0.86042250256779085
0.021464348395462178
0.71869777946224223
0.73046442107202603
0.29701104435534587
-0.42091298482329598
-0.27225771565284757
0.24988677552968269
-0.62866951246305403
-0.64240302869216748
-0.67608831485900001
0.2304282862502208
0.54778484140067862
-0.96063957161106728
0.2751472974192844
0.46925841761853926
0.85140143152836978
0.76088605271707344
0.90467705769463003
-0.33994427788925058
-0.30365577852399001
0.51332167853963429
-0.67925669315590687
-0.90419892185034001
-0.32538270589963658
-0.16476046490844037
0.055509022267076755
0.046091236866586872
0.89027787246770063
-0.1751557341668861
-0.18381417820268225
-0.49923891516998631
0.50026544973947484
0.84050723031446262
0.49174479392478987
0.052601413562113869
-0.42669229340055437
-0.2166010838651114
0.18738277353811045
0.3593847719390742
-0.92120833993209106
-2.3290885531985439
3.3364020247630268
4.7371440763990078
-9.5945675419774474
2.1666521327605275
2.7845494789388447
-3.269940613707834
5.705335969207761
-3.5867923521515097
-0.14453166717042934
0.27068802374380108
-2.5862646780644294
-3.8521868189328665
-0.11116529854230683
-3.9367233478415264
6.377021998624949
-0.60234678235546113
-3.5471086452776559
-5.8984923291340818
-1.6677527705784978
-0.23534329110814697
-0.38863499465542284
0.85950868674089453
-0.55995257545041766
-0.37311948391054389
0.53026458082579586
-0.60950238474970653
-0.46488851920388619
-0.057671843350649343
-0.59473636558167031
-0.15536677378460878
-0.61322851224686781
-0.049744227811028573
-0.58327760310473009
-0.51895272516046953
0.24744218045342525
0.19920790532168822
-0.86437427632076869
0.79363697654039411
-0.081870406249199765
-0.86848024259543055
0.63795265321723482
-0.012446441154662579
0.18373410938226131
0.56976077997884611
-0.55058183823985674
0.77056224212189917
0.32093195120668105
0.22684269263866202
0.8921207217157916
-0.47024802524746934
0.15427390269810159
-0.56313418788850744
-0.46933031468243741
0.9996752594373588
-0.73126190667889301
-0.33908038459005557
0.16225821625940642
0.38483144729621077
0.37033389221142932
0.36927294772947089
-0.28087045489062445
0.47697503303637628
-0.72597744775205952
-0.7566402079104253
-0.2752110555098185
0.41700973727284052
-0.78630618991101386
-0.31064650341474637
-0.81370305069402693
0.10480867420196402
0.34734715430275265
0.65276021915008375
-0.52377903964504957
-0.72484544562212194
-0.14457617422223606
-0.28589233556975852
0.85142461399782399
-0.99263965086676031
-0.63006757092074417
0.020570503097556279
0.55872539362383133
0.81204286935579673
-0.12165915046880214
0.67900735347859964
-0.34259884892616754
-0.95262779994695068
0.00090437630022118681
0.77299956178447016
-0.87255040890471935
-0.26006419397651981
0.10491415237995312
0.63679279962765289
-0.1032105221130183
-0.36368634370634106
0.33608932523627455
0.74726751726571095
-0.46791725302883902
0.57535181553806936
0.76420749539049282
-0.30874397664691661
0.16137917567623083
0.84831255662231875
-0.24609458513881058
-0.4214269337452623
0.58624533943954127
0.83496809462908106
0.9433050214125448
0.52648966779411255
-0.96540641973237951
0.61300765738617624
0.83403463122839661
0.34675732189696196
-0.80564687304751759
0.48029853563998803
-0.794948114174161
-0.82027648486023941
0.51006471526414277
0.39728151324120298
0.67521194404091756
-0.60882677488242465
-0.8895847168162645
-0.52890146741836519
-0.55794030532681749
-0.0350325497931896
0.31046181317283117
0.8951978902659925
-0.56232489089977444
-4.2934596463031376
0.13883027148828314
7.7497388579346751
-12.12817436392805
-3.5044367684423658
-1.0397715065445958
3.0350956018364559
3.6459612824241829
-0.47240253927433445
-2.7201902471617254
-0.054554415107517358
-1.7225265978938256
1.2691243799010345
-0.89713607945808882
5.1671838011155389
1.2298589145722354
0.22885863623664507
3.825568609601242
5.2577210610153076
-0.51246945706720959
0.21244010664380125
0.60056581300423406
-0.79063056665141129
0.69131643866620107
-0.36515965404047901
-0.75288708183889796
-0.30620195204913286
-0.53852017465501034
-0.35957315090426611
0.17392731594990751
-0.58560186941955039
0.89234793936290624
0.44260514996755757
0.16662170220066888
0.14573881009149559
-0.69316713349305648
-1.0164267395859108
-0.34434008208382461
0.00056144141575498164
1.0569476383378644
-0.22373940997495032
-0.8117595688322482
-0.53308366242516958
0.16946165232664742
-0.56181134707805669
-0.19420855233103229
0.86091109985624348
0.4076996609479559
0.78168214107971046
-0.33934454299524619
-0.83761271636842549
-0.75870434621716354
-0.055160448910900557
0.34611533135680544
-0.090193209551619788
0.026281463933347252
-0.74759848231593107
-0.77828819254929205
-0.21923236650568784
-0.57048207267914675
-0.7745135475173508
0.8964031608576003
-0.26939796538167843
0.096222874597105781
0.58713800553273754
0.34850213272417296
-0.46934203271719638
-0.10296598099909757
0.99561988628711484
0.49287283649797464
-0.61505525308876563
-0.75254967854740995
0.54080928855898147
-0.82263299511645305
-0.39020485660866067
0.82273984055765115
0.1872296713015135
-0.6472104126176621
0.07856863717556832
-0.13096629446148647
0.84250533998874655
-0.73801169376513009
0.66631236394338
0.78382215393024435
0.80442123860553538
-0.30417017723530182
0.27512937176109931
0.510551375425356
0.69858166314137937
0.024685135190497625
-0.77173962091166104
-0.52087710168604295
-0.22008809766382467
-0.30200030955225776
0.50240778061414293
-0.40237039184002915
0.64609016795768559
0.24008141371820632
0.49267330311096857
-0.3923690102800052
-0.33480601608666793
-0.35689708588876912
-0.2256371179892048
-0.64585645794599922
-0.20781668931822397
-0.13589248609143306
0.81361654100057457
0.79607134143839287
-0.34763150188948228
-0.60895043155529949
-0.98074889775465879
-0.74774130070838229
-0.33756122636629643
0.55701622302213094
0.23209402065963713
-0.64597425340421988
-0.31867296925307209
0.88578404583844539
-0.19700678766449725
0.62154077814788089
0.03444302811998292
-0.035635730418689823
-0.39433517759201991
0.70617948944998676
0.38642695844332903
-0.47293432822006393
-0.83271287407991335
-0.90441989384949928
5.471268412078417
-3.4884168417306105
11.034932005357692
-13.864267790531953
2.1310968366145571
-3.1500908788872697
-3.3541180786701346
-0.11087103840832729
1.2106077149226198
5.715993446164628
0.71305004337758082
0.18098141243420768
3.7291307306481487
-0.26377469641774004
5.0665064188445808
-1.7380234283539331
-4.2673909976709226
-3.0967352135438988
2.3878841518486524
-3.1536441552457619
-1.2458971078364687
-0.49373493263029339
0.55624957812844744
0.46899825489578018
-0.086199546376791086
0.045595125849653667
0.20191681748926521
0.53564912411630206
-1.0202429939484163
0.026470428577601311
-0.89516932795672643
-0.037131866128573769
0.32519342233089765
-0.38101062348421239
0.9195557863840107
0.57124832486111188
-0.3074890038350564
0.45305325609368502
-0.051669959481583955
0.12415166145262596
0.70146656370854954
0.25031901718639632
-0.90758718001750049
0.25563537977642076
-0.33235404539870717
0.17615866684052542
-0.028333729053513428
0.3492985974671865
-0.69118639357007716
0.64304441579936733
0.86254448269101092
-0.78861550637219346
-0.2353621435066918
0.81209198061566534
-0.51328936803001368
0.99246064708304449
-0.13183502561481275
-0.58201582057846679
0.96630043264306154
-0.86262052488585172
-0.55442308596796031
-0.32120705009799122
1.2285523336039079
0.44851144023855355
0.77297916445466053
-0.83833803698637643
-0.25716715753778185
0.71398947944950009
-0.71910249010488669
-0.39832756431542854
-0.37069794743366002
-0.89821479633347334
-1.0250829733361699
0.78010611710583866
-0.29344969938301857
-0.25705238363389532
-0.65010893304633788
0.28429363227202892
0.084984623556798658
-0.2387867411170797
-0.50793970849370784
0.49898634005303522
-0.50496649856938136
0.31876496747307453
0.16107083362312968
1.0699332900991947
0.41567124620959423
-0.51274546352201511
0.3535743457870863
0.96050874423832033
0.29168771563087409
0.18901193968400051
0.97597298759353068
-0.94973223895705894
-0.63574821359358047
0.06812220801005546
0.2289882966593253
0.3029699920433141
-0.16269023178898598
0.33990481826455532
0.1799457375278882
-0.09245830730522786
0.26635691564318148
0.80179828095393157
0.32100553089861839
-0.72814592625180563
-0.49522123211417562
-0.094975746468850167
-0.40824760938562865
0.066738636986328481
-0.89948494449950245
0.49807380488684605
-0.59468129204078468
0.718895834063769
1.0794138016809824
-0.35874892968560118
0.09146314703314791
0.26156924391890995
0.8881215188970647
-0.71191926187632104
0.0011533539916724234
0.9750955058057128
0.93289852880588475
-0.87866329677764055
-1.1016896656752604
-1.0017841332281319
-0.78081722861942493
-0.87222305543900402
-4.0264008531275852
-3.218842848889472
2.8006268433184647
-3.8504553588784036
5.6712599649679944
-3.3805756972870564
-7.761161889734252
-3.0792253296257317
0.45149436213151828
-4.5324920478623598
-0.59245969260161402
-4.130912614661975
0.81393973305822853
-1.4926157861979963
-1.5551530343361504
-3.0741840647214711
-4.5881468476477982
-7.558815749553645
-4.1231092934167455
-2.0043463458116806
-4.1304245739837464
0.62667602692861291
-0.18840244606798337
0.63048569615923922
0.62110705106950304
0.20807653638891158
0.82835989456775039
-0.41912541203085235
0.19251638744248603
-0.10260229641975417
0.94090972569849174
-0.34604668276734601
0.80984861675381836
-0.54056334371288273
-0.1648267155165041
-0.86725022628500303
-0.4198035582321939
0.54930813014412305
0.23455428380249779
-0.59441365747939401
-0.86133509234328187
0.24926013081108442
-0.66488142700213648
-0.8975041790214402
-0.70457591526196617
0.026093614995527155
0.83385999045999493
-0.11550961736748375
-0.12233009139932903
0.88237932034480693
-0.38288898128797305
-0.74454276515839646
0.76754633454091903
-0.60945128443419017
0.058955688542175894
-0.17053044596478964
-0.91570391770129678
-0.63587960562094592
0.79096748306862696
0.38347345560709456
0.3181085303844477
-0.095980165502390052
-0.3604167756452884
0.63937207154829812
-0.67115760108394373
-0.20137443042107328
0.91911330416670589
-0.80642177738499154
-0.00025623993571034906
-0.63380451694856133
1.013291468139895
0.59218635213085058
0.38828295895019022
-0.92806504853098959
-0.63999157735310797
-0.47831401170744181
-0.41941940286049595
0.2803444807710932
-0.60217710167526506
-0.38506901840198798
0.1911521204916504
0.44710880002829839
0.33353596733070318
-0.53650610176617664
0.081792402008997928
0.25591921821413549
-0.32370609081940055
0.58258216686348863
0.94190460852605395
0.85216753889226038
-0.36713647076456246
0.0026321474116186307
-0.052891979376506623
0.51113815477208147
-0.18553026446713972
0.41812408453942829
0.54844532322819051
0.65446354241327676
0.68968611680923486
-0.76013670824724866
-0.35915896043372658
-0.51826997433481437
0.017893531198332018
0.60871059355252766
0.96406417007985479
0.67796254368903386
-0.85371110003676753
-0.86255688133348629
-0.52356648025789732
0.092038980454941299
0.69859969373657071
0.881054066692878
-0.78787006140468074
0.4923225119167558
0.49004877303969185
-0.48980241036818511
-0.82899594659424036
0.53285789171381981
0.24101606394547651
-0.90464451930265866
0.17312669994617252
0.45246838948426127
-0.27126600150651869
0.90755545259129422
0.29958217121598157
-0.059786860559623872
-0.094781924360583247
0.52298277952893024
1.3778673120930833
-6.9742360910791028
14.525351441159311
0.031627818545994051
-4.2037086278091351
1.8986669723780698
-6.3560388765355684
9.0634728486720277
0.0051859355632555629
-3.0240516847208165
-24.149343635353194
5.8313773551083496
9.0167090232415639
0.59765009736245345
19.200674561429885
-23.156980020685747
30.171349435517833
19.408881518846766
0.28513733388033236
-10.429478788501511
-0.40923762862904473
2.4094565847024723
0.61155864638403368
-17.696398707488466
4.1673705893047304
3.2016257101404815
-5.3629942086717497
16.21655336267246
0.51771999308676575
-4.2564208852098835
-0.0045189854216003723
-2.6948186879497373
-0.091704962125354908
16.936741927482384
-3.7272207420783374
-3.5101133511380005
13.351538678179759
6.2025299452679601
-0.22271912689390069
4.6542007244605319
1.7347443248725605
1.147153110841199
-13.693603918998102
-0.1999051221048932
-1.3608862228956335
-1.3682393176394052
11.312044388328935
-5.3350153120575632
0.80229582409884892
1.7381769184310198
1.3447304726476292
0.2717748256534942
-0.84225711251805069
-0.1383325319999783
1.718358543506842
2.771193557676535
0.21218124485099529
-12.806594244374381
0.60743752491080127
-2.4698738695586733
1.2652172671741568
-21.424189856444873
-7.7920446219156725
-0.33591244756396899
-0.36546257921354575
-0.35800747607421751
-0.13049021092381313
-0.14326394082142407
-0.51900242935846097
-0.013439697076055444
3.7663132452359047
10.243998377904113
-6.3955646457834998
0.54157520241856505
-0.013930494802137273
1.0718675943608922
-0.81464349432126304
-13.385039104058059
0.4399464512898949
-1.6773455576681946
-1.002339177036806
7.1398418360302038
-13.116207198520241
0.38690621140073261
-0.11435436620695952
-0.28959021259254758
1.7992842622404315
-0.66024332099387972
-18.618952473845827
3.5576615008799508
2.354529160222635
-3.3350633561221077
14.992640291239992
0.75166665732128435
-1.9898463979460983
2.7803303108770527
-5.1347032574723235
-2.630861063079339
1.8254887713362711
-4.6309807102922704
-5.5355459627799197
-6.5789933638115032
-4.1632839536946724
-0.54842260131461029
3.2375972445362455
1.0100704887374421
0.0012369543397748018
-0.30781410273837162
0.012171295474690905
-0.036981890589935854
-0.12549539871470994
-0.52022973673527706
-0.10531353885162867
0.10815782440054539
-0.072111761488855106
1.4926220415327078
0.5164952921227548
0.032206411133226372
-0.023750125040302238
-0.15848418595579555
0.58224819076547907
0.584916151823486
-0.16362025642976258
0.03446427208139536
-0.17603616614344408
0.17699389632321716
-0.41403661633100403
0.098621415818427136
0.15170124024208415
-0.015484476956612378
0.43352494456682816
0.089446269526389469
0.084885462913069767
-0.061624639356805268
-0.21075190727004556
0.60827740349636905
-0.0076991896644151977
0.039539917458479609
-0.031705827796329064
0.0027379920415575298
-1.4887551244638877
-0.25936502957912183
-0.0714668386069751
0.15314277559732989
-0.37563344711700219
0.10934558985255412
-0.41900475800328496
0.044742118696320901
0.043684379402640659
-0.17945926281050667
-0.2143014566527742
-0.4467417357999629
-0.1236351603204402
0.0017822233599722266
-0.24608883607257453
0.082459617291059217
0.12036775866657722
-0.10984050876109865
0.22151097558097044
-0.17339549827641379
0.80559972697615534
0.01012672795639138
0.11199256047810097
0.095656584766778435
-0.18677777562167544
0.27699520016080864
0.30956081077226233
-0.044160003177950664
0.18168450158954652
-0.066315234505582549
0.14358587493906652
-0.27992007260084578
-0.21271459230214021
0.064601718589323578
-0.094877852459837181
-0.99204151722774636
-0.2471423419881896
-0.058921594706500303
-0.15875960569428316
-0.073024761947993233
-0.48658244404031425
-0.32093398899074665
0.16865513865452389
0.028467652836980446
-0.049394730204194354
-0.012013673369297193
-0.36215791756257326
-0.1170069979712586
0.0076824638858225495
-0.21375459073287259
-0.096378538476641226
-0.11925490431833428
0.27010738584633109
-0.011651376975003442
-0.099630524894613048
0.44090934296705181
-0.046115973685510618
-0.16449267304857454
0.055843057353665453
0.0060014987433112442
-0.10179921233222999
-0.22961972084730714
0.20787491542156714
0.16153660415606425
-0.059054518040757613
0.63269605129550843
-0.24501449157329697
0.2042172670517455
-0.0095980623472120621
-0.033713212600244062
-0.57427922551005361
-0.011725685062362226
0.088587219524533134
-0.054045803185234144
-0.064653704525835701
0.023942152094202463
0.087260975530062235
-0.031597039238182939
-0.10882698734836499
0.031911539146865509
-0.97957606134333752
-0.31862984694433039
-0.055297465382343973
-0.089584916973340492
-0.020764062849576794
0.33568427196527784
-0.34848990346599495
0.012058043525153004
0.060250041904982975
-0.11705247432660491
0.37647453558662969
0.30989702429179244
0.1193792162779107
0.1468098972496153
-0.14878266828717385
0.14276267737793735
0.11476141248740228
-0.082474502025096832
0.10090400347830866
-0.084104441620771742
-0.55844237377190653
0.084206995110401528
-0.21307623494791025
0.13662254940675825
-0.15372519932204437
0.69898960249576303
0.097709530668445857
0.0024423180250214642
0.10556686283709793
-0.24628997201918931
0.28962819353599939
0.097412753162667176
-0.13072374243171322
-0.0056867946639757262
-0.09539931727436915
-1.0295040799852275
-0.24763168170960154
-0.064258268836658888
0.0058228451802660262
-0.033349472545325283
0.26781263822454154
0.2525967415900488
-0.026564182159311903
0.0040808865325957519
-0.10999238899247372
1.0823564167285946
0.20958275890076869
0.031246367967749232
0.14869869553062096
0.0085493994935811491
0.28612673607492467
0.017796297755163101
0.098285925485738987
0.1443702074372463
-0.10881479506174706
0.85929851770316057
-0.026474732708627335
-0.11493264200088922
0.012616109750164769
-0.023809662282754159
-0.14292560139158028
0.14644090868675344
0.094832019807004203
0.040442781851354047
-0.035959119007346357
-0.29918576840214622
-0.0010774214387630973
-0.010601375177277803
-0.0021543183340461251
-0.1051015125777273
0.69224654683096087
0.062059727941700393
-0.014996842732442627
0.0260131186284654
-0.14125814466914596
-0.12111607756650701
-0.078792575873023032
-0.060942734220486162
0.054168107702923234
-0.10071068555019436
-1.0361211269998571
0.047369060258202464
-0.0050762703500784176
0.068434472258891932
-0.16075626902325382
0.075521356206314533
0.25853716824149586
-0.035246663054892796
0.050088455846454702
-0.056033543735929718
0.58528667609765272
-0.25412277284406581
0.14269423721006844
0.025607384341074058
-0.090380740726526104
1.4370531275833498
0.41301757567593639
-0.11622520563650447
0.0057523054034046015
0.057156892220611974
0.67117919578055374
-0.0088582635503915014
-0.01336449403073795
-0.0033286747622586926
-0.022796656549468018
-0.21434005333116332
-0.061457013873665166
0.14881393232203471
0.12271272242648013
-0.12147288138455853
0.76141562810404051
0.12063051493650967
-0.029223261063467596
0.036647802054109342
-0.070136981660238684
-0.098077312342087108
-0.15284935217634055
0.13051618338640669
0.02212172613488771
0.033892518427795205
0.48455422339238741
0.26443597895524162
0.08032196689576572
0.070572154421569583
-0.047803430659643563
-0.37197742969591718
-0.46346530024226396
-0.14563533217949912
0.014465938793275035
-0.056182378038260539
0.2143701212017925
-0.10207244285962369
-0.0098169057012450055
-0.001634332137206267
-0.13501703060338122
-0.3126126041805245
-0.14619808099483791
-0.067723893289874049
0.11626477776591419
-0.21128875126910382
-0.12677124500818604
0.10395928617066776
-0.0035753714396297934
-0.033941038766899433
-0.10188608325917128
-0.045215936967381146
-0.19456897960735198
-0.0020555351136022503
-0.13990520207757728
0.0025800928967394778
0.043836991167525742
0.141919928204188
0.01877484753874489
0.10089531864870302
-0.043753831133621857
-0.50867725157404775
0.033250401714751326
-0.10047661058552285
-0.053425541617630697
-0.041942273587979674
0.071126356527911258
-0.0017030594525314839
0.017413009892482633
0.062297058018759337
-0.031388175166215747
-0.56145247239410534
0.0027668675502914596
0.00047732855051590354
-0.079868508856077283
-0.032640858599138803
0.32248315433079155
-0.042900252210774557
0.11960718162773465
0.00041436733938177411
0.0093918639485021903
-0.53528522908536202
-0.057786166279186472
-0.0964289312514858
-0.074254415471268875
0.011587357723834053
-0.086022505709757127
0.046108994466116097
0.0082371825477811182
0.080717620374055193
-0.092268290601450559
0.91435711521017415
0.071979381826460395
0.096807059018885783
-0.053428463780730337
0.0045470093980171447
0.10918129653364265
0.15178878090644674
-0.13600250210253303
0.084387144883144416
-0.1690318762654075
-0.44204441098808972
0.0065358384773009717
0.049230894949089075
-0.0361032381111984
-0.025483275304383494
0.19575642229503609
0.019841339959241807
-0.0053849127638589201
0.010150564668421475
-0.043556588284028488
0.61912649991466506
0.085837449469825994
0.01691595319158724
-0.042502469702694029
-0.077602097999707825
0.30556211506343001
0.090857219145817791
0.085213192024351042
0.06437340174049036
-0.088685298455571285
0.73467678765802935
0.13145609493498828
0.016902670429862626
0.064929284520436767
-0.13393818523717263
0.61647448605783506
0.024638059386692151
0.091642764212909095
0.025542608968402759
-0.11660471522225424
0.79207708018747436
0.038125737051498243
-0.11475496153441184
0.0015575739638765483
-0.068859325963660317
0.35888246546687413
-0.031927921384021153
0.079073450273733983
0.098412302546497757
-0.048114596749225878
-0.013883581261770032
0.082009467350933771
0.2101245554541229
0.01636113053566007
-0.0016770970562050994
0.54103560252827398
0.02845620813982393
0.083232378098514651
0.076057360792446224
-0.097951867576089077
-0.93697245329816659
-0.0080281887490697527
-0.037107691575447001
-0.049998190293783822
-0.096524060454402011
-0.44788140643217278
0.0095046242682941123
0.051164541350220527
0.023462028228100465
-0.030549002699175484
0.17848954253786625
0.085737147244089332
0.17308110839192972
0.016986905932350398
-0.093981609280809827
1.0062618306438651
0.22131301515925259
0.011105188577563582
0.048918597943497608
-0.010898100598748179
0.65470779943325053
0.061163323582032594
0.095666901292892709
-0.0024503490205980629
-0.086372249900868669
0.18148369023085267
-0.15359528676880324
0.087188694450281795
0.0028273576476575239
-0.065622786482197631
-0.062769877855431214
0.060819036819518661
0.074044175517921931
-0.018745745656268801
-0.02329644191065194
0.75725069494033992
0.20298448106890429
0.076873564940423994
0.025468032776933696
-0.056666405644901281
0.14968299015642791
0.10281304959407638
-0.022457319112373732
0.044379271417190683
0.017028458966450919
-0.040044134586158513
0.031055327628846337
-0.065383524444782501
0.038857226405254443
-0.11464598406142584
0.57843986050752216
-0.057975387256534526
0.11136733857127372
0.0027351274136257074
-0.062863765672234381
0.16198662462587282
-0.090390070793693933
-0.042960565300188928
0.00071862674078723742
-0.077998952166685037
-0.020730056169723482
-0.063459736238322573
0.074418400235094773
-0.022743663980122324
0.035492549816759131
-0.84305408482950628
0.017940719961786335
-0.090654024781190681
0.001937275282415412
-0.038147674054964401
-0.37870287944322667
-0.018065252334707575
-0.006351306576920848
-0.033162231790767473
-0.030977672553157285
-0.6543467468021027
0.034852857758931398
0.077067711608129266
0.020844446971001216
-0.026360821787939165
-0.068257861662078881
-0.058054059162532416
0.11911807553997129
0.048927030822870005
-0.10955858560365131
-0.35515229929270986
-0.12966977452592299
0.048887907870876872
-0.048337365503108985
-0.098761243132866425
0.65250309990071698
0.077699465844658824
0.09939508275243493
-0.0067755074503811812
-0.05600423097870097
-0.38052890021136093
-0.06409800119998027
-0.0021460219872781556
-0.005587032560691413
-0.0053245034932267871
0.70937295137885781
0.096839865395296806
0.0171371775940449
0.082372180818788665
-0.078730703062386997
1.1167989901311459
0.17034746998493114
0.046813993580709777
0.061786814924151695
-0.053592858805146498
-0.22101489070891564
-0.0095855765048240664
-0.03506829220205418
0.023061582585868354
-0.019929508927025299
-0.94144445680976496
-0.070655138006335994
-0.02482946850003891
0.0030793513487631886
-0.078131293458268261
0.53332647744627881
0.17232584959067221
0.037702578376320059
0.018352756500295934
-0.067093204958615246
0.2922295297875111
-0.12491104104801333
-0.015819921107650917
-0.061568665141870128
-0.046522733251293948
-0.058390375226839542
0.032054096359337453
0.008812911775487986
0.033155374288900419
0.030354103958248602
0.75547689116661487
0.10300843255927454
0.086105504086219073
-0.00092451904801995027
0.013146767191994892
0.51289332350314509
-0.15351664945561658
-0.0027651403468880661
-0.023388321406219985
-0.048397470563411114
0.39960888012180468
0.060122298312491544
0.070608793537074055
0.0034789502125304773
-0.076771602949598658
-0.82050172164919866
0.046747628552897443
-0.055856204117998104
-0.011107918561629421
-0.080857832113651523
-0.60892389958295934
0.12742598615240378
-0.083550757059843175
0.013218481385999377
-0.087418625221780857
-0.34976665311204969
0.039372495200450892
0.043327545201952762
0.054989431042206917
-0.03992777076149643
0.24104162671811327
0.12787267760141754
0.10338943465423739
0.038939768621899892
0.0036901354587890443
-0.048179174454088897
-0.095301833793646068
-0.080082624960355023
-0.014087323904460365
-0.075979985825124996
