2107
4477
2590
3428
5392
13813
3010
4088
2597
3060
2748
4022
1727
3658
2714
1724
2842
2342
2199
1865
3603
3160
3379
1345
1542
3200
2047
3902
9117
2944
5312
3255
2493
1151
2503
2394
5144
4757
3177
1881
5817
1483
2496
7662
2426
1042
3272
2943
6797
3487
3311
5819
3827
1990
3788
2965
2812
4087
1669
3046
1220
2081
1765
2418
1901
6764
9114
638
1870
3043
1814
6351
1406
9572
1495
586
1380
6588
3626
1144
974
2993
3000
3804
2222
2859
2466
3069
1121
1732
1680
1496
2330
1902
1532
4128
1442
884
12477
3349
2548
1375
1301
2046
2113
809
2526
1432
1048
1575
3594
1318
2250
716
11316
3184
1503
2166
2235
7914
1245
3166
1684
2977
1788
5073
2404
1518
1500
3238
1438
1910
1683
2172
1691
1304
1066
1472
1546
803
1172
1004
2873
728
1603
1396
1420
3571
1007
855
4625
1132
2545
1142
1238
1332
3756
1801
1925
615
1831
919
944
491
866
1423
1381
978
3008
1441
1189
1208
1118
1562
1056
2919
1366
888
852
1324
1379
874
4950
821
1467
2445
708
1362
1834
777
1353
682
1330
1384
1436
3065
1236
1248
1024
1439
748
1040
3165
1000
1070
1179
1599
883
1560
668
413
854
836
635
864
1292
1754
449
1018
1204
678
958
685
948
1017
660
998
975
680
628
567
1010
1092
694
524
539
995
466
494
411
599
799
506
381
781
440
513
383
364
557
369
303
310
321
314
279
