562
1018
3994
4514
4683
4703
5357
5565
5628
5811
6086
6198
6424
6695
7121
7443
7722
8052
8169
8288
8858
9145
9748
11526
12212
13567
13581
13922
15302
17595
17828
18299
18375
19053
19909
19968
19984
20185
20644
20771
21052
21372
22421
25303
25307
26731
26742
26813
27229
28005
28029
28577
30829
32570
32593
32837
32915
34327
34733
34790
35280
35505
35967
36121
36369
36420
36863
37068
37285
37706
38095
38653
38672
38726
38977
39014
40244
41132
43648
43779
44148
44876
45733
46616
47076
47211
48205
48399
49283
51289
52197
52721
52896
55423
58569
59424
59760
59870
59991
60057
61066
61196
64125
65392
65588
65898
65903
66197
66818
67445
67719
68678
68703
70026
70388
71553
71662
72009
72533
72743
72779
73485
75176
75683
76055
77244
77824
77940
78281
78354
78450
78569
79193
79439
79757
80809
82990
84419
84531
84577
85263
86384
86986
87092
88199
88399
88465
88638
89380
89579
90665
91242
91480
94051
94842
95162
96312
96592
97872
98670
98760
99521
100484
100916
101495
104025
104080
106101
106528
106791
107355
107434
108771
109001
109759
109828
110387
110958
111723
112989
113656
114416
115169
115245
116817
117263
117445
117544
117946
117968
118353
118859
119085
120841
120941
121067
121229
121530
121739
122712
123844
123907
124093
124251
124641
124763
125304
125372
125402
125953
126576
126675
127282
128390
128674
128711
128804
129002
129051
130603
130919
131717
132186
132870
133695
133841
134928
135012
135442
135776
135896
137356
139931
141196
141452
141857
142734
143554
143664
143878
144484
144850
145329
145599
145606
146639
147328
147797
148946
148999
149898
150270
150323
150734
151327
151475
