1800
4252
2462
3187
3627
13358
2591
3727
2506
3654
2940
2173
2148
3075
4483
1932
4721
2321
1972
1759
3446
3107
2686
1651
1845
5226
2378
4988
5442
2793
5004
3925
2473
1502
2651
2338
4071
5028
3207
1534
5232
1774
2752
7068
2514
1531
3305
2390
3768
2780
2890
3732
3449
2036
2748
2171
2528
3890
1765
2891
1374
3104
1852
1975
2228
6353
7764
1265
2016
3541
1902
5946
1523
7626
1570
775
2056
6083
3155
1202
1135
2712
2214
3939
2352
1758
2679
3217
1134
1500
1288
1494
2563
1921
1590
2601
1581
1138
25749
2455
2411
1526
1676
2033
2247
1345
1944
1441
992
1388
2634
1461
1806
1076
13315
3442
1677
2311
2255
6938
1447
2827
1335
2689
1638
4400
2490
1680
1757
2708
1601
1879
1751
1822
1623
1183
1164
1343
1401
1463
1208
1023
2583
786
1535
1418
1407
3588
1051
880
4886
1186
2268
1063
1308
1298
3892
1603
1977
974
1769
912
981
861
1027
1586
1492
1010
2678
1679
1149
1331
1171
2246
1082
1813
1281
1024
1015
1548
1346
951
5057
1041
1602
2229
817
1451
1719
919
1385
815
1156
1515
1460
3210
1386
1440
1116
1239
834
1133
4903
1093
1091
1299
1551
1003
1595
795
768
990
910
776
837
1304
1546
614
1176
1217
822
1161
872
1056
993
784
964
1032
855
740
692
1070
1144
840
711
684
1053
653
699
672
735
886
657
577
901
607
659
580
573
691
563
528
531
532
529
506
