506
529
532
531
528
563
691
573
580
659
607
901
577
657
886
735
672
699
653
1053
684
711
840
1144
1070
692
740
855
1032
964
784
993
1056
872
1161
822
1217
1176
614
1546
1304
837
776
910
990
768
795
1595
1003
1551
1299
1091
1093
4903
1133
834
1239
1116
1440
1386
3210
1460
1515
1156
815
1385
919
1719
1451
817
2229
1602
1041
5057
951
1346
1548
1015
1024
1281
1813
1082
2246
1171
1331
1149
1679
2678
1010
1492
1586
1027
861
981
912
1769
974
1977
1603
3892
1298
1308
1063
2268
1186
4886
880
1051
3588
1407
1418
1535
786
2583
1023
1208
1463
1401
1343
1164
1183
1623
1822
1751
1879
1601
2708
1757
1680
2490
4400
1638
2689
1335
2827
1447
6938
2255
2311
1677
3442
13315
1076
1806
1461
2634
1388
992
1441
1944
1345
2247
2033
1676
1526
2411
2455
25749
1138
1581
2601
1590
1921
2563
1494
1288
1500
1134
3217
2679
1758
2352
3939
2214
2712
1135
1202
3155
6083
2056
775
1570
7626
1523
5946
1902
3541
2016
1265
7764
6353
2228
1975
1852
3104
1374
2891
1765
3890
2528
2171
2748
2036
3449
3732
2890
2780
3768
2390
3305
1531
2514
7068
2752
1774
5232
1534
3207
5028
4071
2338
2651
1502
2473
3925
5004
2793
5442
4988
2378
5226
1845
1651
2686
3107
3446
1759
1972
2321
4721
1932
4483
3075
2148
2173
2940
3654
2506
3727
2591
13358
3627
3187
2462
4252
1800
