1782
1055
437
983
258
285
9033
1958
263
4197
300
1694
275
1499
269
266
276
1371
574
8206
546
16123
51798
14387
4814
18358
4648
19016
31245
8088
12555
541
9309
896
9330
383
31058
20069
48718
49728
18532
6739
9096
18122
10694
14801
7995
32771
6384
3562
1575
14689
20805
3243
779
24063
704
53795
3391
36127
1204
4250
18654
3328
5158
34634
14623
2870
1678
8987
3157
3117
1292
22028
3048
14615
14450
10661
4480
2007
5638
10264
10139
8948
14906
34586
1778
4074
4082
33110
12987
9287
2768
5117
21850
2454
18984
23623
1713
28259
26485
12038
41777
2599
25069
13175
11141
18844
32957
1382
3373
19895
60464
36738
28402
86763
82
6052
29571
58242
39557
10374
33705
66765
51655
80062
43111
36651
17511
691
19688
20981
811
4176
48233
1111
15144
380
12246
1437
370
267
466
52706
416
3340
23360
69631
68
27480
20257
403
73320
17269
2439
5804
3434
719
45383
11817
361
85643
31093
37451
37655
42548
22873
67
23452
85
47064
35108
50655
16557
5469
13709
2343
8546
8926
27831
19301
33718
6130
11453
33017
13111
339
4738
74
52310
55419
50519
33314
3294
29454
49559
12120
47476
34050
42865
96992
41541
22492
15542
4574
1732
884
278
5368
3335
325
1717
287
77
1118
69795
79
38836
59614
757
2449
523
443
15512
10721
59776
86
8091
723
265
10446
14990
18536
56802
1229
16788
30021
57417
67597
9693
2152
36760
32122
36493
56653
60817
81
398
54440
66
7615
6108
19059
43296
21642
2280
