279
303
310
311
314
321
364
369
381
383
384
411
413
421
424
430
440
449
453
460
466
488
491
494
495
506
509
513
514
523
524
539
542
551
557
567
569
586
599
609
615
628
635
638
660
665
668
678
680
682
685
694
708
709
715
716
728
737
745
748
750
777
780
781
791
795
799
801
803
804
809
819
821
836
843
850
852
854
855
864
866
867
869
874
878
883
884
886
888
913
916
919
944
945
948
958
961
974
975
978
991
995
998
999
1000
1004
1007
1010
1017
1018
1024
1028
1036
1040
1042
1044
1046
1048
1056
1064
1066
1067
1070
1083
1092
1103
1105
1118
1120
1121
1122
1132
1133
1139
1141
1142
1144
1146
1147
1151
1156
1172
1179
1189
1204
1208
1214
1220
1228
1229
1236
1238
1245
1248
1262
1274
1287
1292
1298
1301
1304
1308
1312
1318
1324
1325
1327
1328
1330
1331
1332
1345
1350
1353
1362
1366
1374
1375
1379
1380
1381
1384
1387
1396
1406
1410
1412
1414
1418
1420
1423
1428
1429
1432
1433
1436
1438
1439
1440
1441
1442
1455
1459
1467
1472
1477
1483
1484
1495
1496
1500
1503
1518
1521
1523
1528
1529
1532
1534
1542
1546
1558
1560
1562
1564
1575
1576
1578
1581
1583
1586
1593
1594
1599
1602
1603
1608
1614
1622
1623
1627
1637
1647
1654
1660
1669
1675
1680
1683
1684
1691
1698
1711
1716
1724
1725
1727
1732
1740
1746
1752
1754
1761
1765
1775
1777
1782
1784
1785
1786
1788
1791
1801
1804
1809
1810
1814
1817
1822
1829
1830
1831
1834
1844
1845
1852
1857
1865
1866
1870
1876
1879
1880
1881
1898
1901
1902
1906
1910
1918
1923
1925
1928
1936
1937
1957
1965
1970
1973
1980
1985
1990
1992
1994
1996
2002
2015
2018
2019
2020
2024
2029
2035
2039
2046
2047
2050
2070
2079
2081
2086
2093
2094
2098
2099
2100
2107
2113
2119
2128
2136
2144
2148
2151
2153
2154
2157
2166
2167
2169
2172
2182
2184
2192
2193
2197
2199
2213
2216
2222
2234
2235
2236
2243
2250
2253
2255
2261
2263
2272
2279
2297
2306
2313
2315
2316
2321
2322
2330
2336
2341
2342
2351
2353
2357
2361
2364
2373
2376
2384
2392
2393
2394
2397
2400
2404
2407
2414
2418
2420
2424
2426
2430
2433
2438
2444
2445
2446
2450
2454
2463
2466
2468
2469
2476
2478
2483
2485
2493
2496
2503
2505
2512
2519
2521
2526
2528
2530
2531
2534
2542
2545
2548
2552
2560
2569
2574
2577
2579
2582
2583
2590
2594
2597
2599
2605
2609
2610
2612
2614
2617
2619
2624
2638
2640
2643
2645
2647
2649
2659
2660
2663
2677
2678
2690
2691
2693
2695
2696
2702
2704
2706
2708
2713
2714
2716
2723
2724
2725
2728
2730
2746
2748
2754
2756
2763
2767
2774
2779
2781
2785
2790
2795
2812
2814
2830
2842
2843
2849
2854
2858
2859
2873
2876
2880
2892
2894
2895
2902
2904
2905
2915
2919
2923
2936
2940
2942
2943
2944
2945
2953
2956
2957
2961
2962
2963
2965
2973
2977
2980
2981
2982
2984
2993
3000
3008
3010
3013
3016
3018
3019
3023
3037
3039
3041
3043
3046
3049
3050
3055
3057
3060
3061
3062
3063
3065
3069
3074
3080
3087
3094
3096
3098
3102
3103
3106
3108
3110
3117
3125
3129
3133
3134
3136
3140
3145
3150
3154
3160
3161
3162
3165
3166
3167
3170
3175
3177
3184
3186
3193
3199
3200
3202
3213
3221
3222
3229
3234
3238
3240
3242
3249
3250
3254
3255
3258
3259
3262
3269
3272
3274
3278
3286
3289
3294
3296
3299
3300
3302
3305
3311
3315
3322
3345
3349
3354
3357
3364
3368
3370
3372
3377
3379
3384
3387
3397
3401
3404
3410
3418
3420
3421
3425
3428
3429
3433
3435
3436
3443
3447
3460
3462
3470
3471
3474
3478
3481
3482
3487
3492
3493
3498
3502
3503
3511
3512
3515
3520
3521
3522
3525
3529
3542
3543
3545
3555
3558
3559
3561
3564
3565
3566
3568
3569
3571
3572
3575
3578
3579
3583
3591
3594
3599
3602
3603
3604
3608
3609
3611
3612
3615
3616
3618
3619
3622
3626
3627
3638
3641
3644
3646
3655
3658
3659
3665
3668
3669
3672
3674
3679
3683
3704
3712
3714
3719
3725
3727
3728
3731
3738
3739
3741
3743
3749
3750
3752
3753
3755
3756
3759
3766
3769
3777
3779
3788
3790
3798
3799
3804
3807
3808
3809
3813
3814
3816
3817
3818
3820
3827
3838
3841
3847
3853
3870
3874
3875
3878
3882
3889
3896
3899
3902
3904
3905
3909
3915
3921
3929
3942
3945
3955
3956
3972
3977
3979
3980
3983
3988
3990
3992
3998
3999
4003
4007
4008
4011
4016
4021
4022
4025
4031
4034
4041
4046
4047
4052
4054
4055
4062
4066
4072
4078
4082
4083
4087
4088
4089
4092
4097
4098
4099
4101
4105
4108
4123
4125
4128
4129
4131
4138
4139
4142
4145
4147
4155
4156
4159
4161
4162
4184
4191
4202
4203
4204
4206
4208
4216
4220
4221
4222
4226
4237
4238
4252
4255
4256
4257
4267
4275
4276
4281
4283
4284
4292
4297
4299
4300
4307
4313
4314
4330
4331
4336
4338
4346
4351
4363
4364
4368
4370
4374
4383
4390
4392
4393
4396
4397
4400
4409
4410
4415
4416
4417
4424
4433
4434
4437
4439
4442
4454
4464
4471
4472
4473
4475
4477
4478
4479
4483
4484
4487
4490
4492
4495
4496
4499
4501
4507
4517
4523
4528
4530
4531
4536
4540
4542
4557
4560
4562
4563
4565
4570
4574
4581
4588
4590
4592
4593
4598
4599
4602
4610
4611
4613
4614
4618
4619
4621
4625
4627
4643
4644
4649
4655
4661
4673
4674
4687
4688
4690
4706
4711
4713
4722
4723
4732
4751
4752
4755
4757
4763
4765
4766
4774
4776
4777
4778
4779
4786
4788
4797
4799
4800
4802
4808
4816
4821
4829
4831
4833
4835
4839
4840
4842
4847
4849
4858
4859
4860
4861
4862
4864
4868
4869
4874
4879
4880
4881
4884
4886
4906
4918
4924
4927
4929
4936
4937
4939
4941
4944
4945
4947
4948
4950
