2765
2766
2778
2779
2781
2783
2784
2790
2795
2797
2802
2805
2812
2813
2814
2818
2820
2839
2847
2849
2856
2860
2867
2872
2874
2878
2884
2889
2908
2924
2937
2943
2948
2952
2971
2975
2987
2989
2990
2997
2999
3000
3010
3019
3033
3037
3039
3042
3051
3054
3055
3059
3060
3061
3072
3080
3081
3082
3084
3113
3116
3118
3119
3123
3137
3139
3141
3150
3151
3156
3158
3162
3163
3164
3175
3181
3188
3196
3198
3200
3204
3205
3208
3213
3220
3229
3233
3238
3239
3241
3245
3250
3255
3259
3266
3267
3272
3275
3281
3293
3301
3308
3311
3322
3330
3331
3338
3343
3349
3351
3358
3359
3363
3367
3368
3371
3378
3383
3387
3395
3398
3403
3405
3409
3410
3412
3415
3425
3432
3455
3465
3468
3476
3480
3482
3484
3491
3498
3501
3512
3516
3520
3526
3535
3537
3538
3542
3546
3550
3552
3553
3561
3565
3579
3581
3589
3590
3594
3598
3601
3602
3613
3614
3619
3624
3625
3633
3635
3638
3643
3644
3645
3650
3654
3668
3669
3671
3681
3684
3685
3687
3690
3691
3692
3694
3695
3698
3701
3704
3705
3709
3717
3725
3728
3730
3735
3736
3738
3739
3742
3743
3745
3746
3749
3754
3766
3769
3772
3774
3783
3787
3793
3796
3797
3800
3802
3807
3811
3832
3840
3842
3847
3853
3855
3856
3859
3867
3868
3871
3873
3880
3881
3883
3886
3897
3900
3908
3910
3922
3930
3931
3940
3941
3942
3946
3947
3949
3950
3951
3953
3971
3974
3980
3986
4004
4008
