312
390
429
432
438
462
470
498
505
521
526
536
557
566
584
625
683
729
737
762
770
806
821
827
830
845
869
877
895
897
906
914
943
946
976
993
1026
1034
1071
1079
1081
1099
1102
1119
1140
1142
1159
1161
1173
1179
1181
1187
1196
1257
1273
1274
1320
1334
1356
1360
1373
1375
1376
1379
1398
1422
1438
1465
1467
1471
1482
1483
1487
1509
1513
1538
1576
1578
1584
1585
1614
1620
1633
1635
1640
1643
1652
1660
1667
1673
1681
1682
1687
1697
1707
1714
1720
1736
1760
1779
1788
1803
1809
1815
1824
1839
1841
1846
1848
1850
1855
1868
1874
1875
1882
1887
1894
1895
1909
1910
1917
1922
1932
1943
1946
1947
1965
1973
1985
1990
1995
2003
2004
2025
2038
2041
2048
2053
2060
2062
2064
2070
2083
2086
2087
2088
2092
2097
2103
2107
2118
2138
2148
2155
2162
2163
2167
2168
2169
2188
2197
2205
2213
2218
2222
2224
2225
2239
2241
2254
2256
2265
2266
2270
2287
2291
2309
2319
2329
2331
2337
2339
2348
2355
2374
2383
2392
2393
2400
2401
2415
2420
2430
2432
2436
2441
2444
2453
2456
2464
2472
2477
2480
2487
2494
2500
2504
2510
2513
2518
2524
2526
2530
2535
2544
2550
2551
2560
2562
2567
2569
2590
2598
2606
2608
2615
2617
2618
2621
2629
2639
2647
2656
2661
2664
2666
2669
2670
2681
2692
2696
2697
2699
2701
2704
2706
2711
2725
2727
2730
2732
2734
2736
2746
2747
2750
