2176
4627
2677
3545
5567
14219
3110
4227
2684
3161
2841
4158
1790
3786
2803
1787
2936
2421
2272
1931
3729
3265
3493
1393
1598
3309
2115
4038
9396
3041
5485
3364
2578
1191
2588
2474
5312
4916
3283
1948
6006
1537
2581
7912
2506
1077
3381
3040
7015
3607
3421
6008
3960
2058
3920
3063
2906
4226
1730
3146
1265
2150
1828
2498
1968
6981
9393
656
1936
3143
1879
6554
1459
9864
1549
601
1430
6802
3753
1184
1007
3093
3100
3937
2297
2953
2548
3170
1160
1795
1741
1550
2409
1969
1588
4268
1496
912
12845
3460
2635
1424
1349
2114
2182
835
2613
1486
1083
1632
3720
1366
2326
738
11652
3291
1558
2238
2310
8171
1290
3271
1745
3076
1852
5240
2484
1573
1555
3347
1492
1977
1744
2244
1753
1352
1101
1526
1602
829
1212
1039
2968
752
1661
1449
1473
3697
1042
883
4778
1172
2632
1182
1283
1380
3887
1865
1992
633
1896
949
975
501
894
1477
1431
1012
3108
1495
1231
1251
1156
1618
1091
3015
1414
916
879
1372
1429
902
5112
847
1521
2525
728
1410
1899
803
1401
702
1378
1435
1490
3166
1281
1293
1059
1493
773
1075
3270
1035
1105
1221
1657
911
1616
686
421
882
862
653
892
1340
1817
458
1053
1246
697
990
705
979
1052
678
1033
1008
700
646
582
1045
1128
714
537
553
1030
476
504
419
614
825
518
387
807
448
525
389
369
572
374
304
311
323
315
279
