2000 2013 -> 56023
2037 2114 -> 220787
2074 2215 -> 72978
2111 2316 -> 89403
2148 2417 -> 21601
2185 2518 -> 157665
2222 2619 -> 222773
2259 2720 -> 39615
2296 2821 -> 509
2333 2922 -> 56088
2370 3023 -> 222773
2407 3124 -> 50360
2444 3225 -> 173759
2481 3326 -> 78916
2518 3427 -> 56088
2555 3528 -> 72978
2592 3629 -> 122454
2629 3730 -> 39615
2666 3831 -> 143331
2703 3932 -> 173851
2740 4033 -> 5157
2777 4134 -> 158435
2814 4235 -> 227892
2851 4336 -> 157941
2888 4437 -> 134370
2925 4538 -> 21633
2962 4639 -> 5157
2999 4740 -> 63585
3036 4841 -> 56088
3073 4942 -> 642
3110 5043 -> 237527
3147 5144 -> 157941
