2000 2013 -> 21358
2037 2114 -> 42146
2074 2215 -> 735
2111 2316 -> 314
2148 2417 -> 28698
2185 2518 -> 220
2222 2619 -> 53150
2259 2720 -> 314
2296 2821 -> 172284
2333 2922 -> 198
2370 3023 -> 494
2407 3124 -> 271
2444 3225 -> 341
2481 3326 -> 198
2518 3427 -> 29
2555 3528 -> 908
2592 3629 -> 682
2629 3730 -> 476
2666 3831 -> 8
2703 3932 -> 198
2740 4033 -> 21163
2777 4134 -> 13101
2814 4235 -> 819
2851 4336 -> 21292
2888 4437 -> 284
2925 4538 -> 7764
2962 4639 -> 579
2999 4740 -> 198
3036 4841 -> 198
3073 4942 -> 437
3110 5043 -> 1076
3147 5144 -> 20937
