2000 2013 -> 497
2037 2114 -> 497
2074 2215 -> 497
2111 2316 -> 497
2148 2417 -> 497
2185 2518 -> 236770
2222 2619 -> 497
2259 2720 -> 236823
2296 2821 -> 497
2333 2922 -> 497
2370 3023 -> 17328
2407 3124 -> 106
2444 3225 -> 569
2481 3326 -> 497
2518 3427 -> 497
2555 3528 -> 497
2592 3629 -> 100
2629 3730 -> 497
2666 3831 -> 497
2703 3932 -> 107
2740 4033 -> 532
2777 4134 -> 496
2814 4235 -> 497
2851 4336 -> 497
2888 4437 -> 14206
2925 4538 -> 497
2962 4639 -> 497
2999 4740 -> 497
3036 4841 -> 107
3073 4942 -> 497
3110 5043 -> 45518
3147 5144 -> 497
