CNET_BTN 5
16 4 4 32 0.69999999999999996
INPUTS 1
PORT_IN onehot 16 1 hex_digit
OUTPUTS 1
PORT_OUT binary_msb 4 1 nibble_value
-12.331568026263579
-3.0477674558094789
-16.230828392198763
-1.1005816750601514
-0.66945120906457622
-1.2922669293519449
0.24327357836119617
-0.5363609258624914
-6.216239187965507
-5.2006445922620443
0.8159545385775302
-0.32780208777525932
-0.60268391810124244
-4.5300155133581752
-5.9344502767635161
0.21480087432234124
-5.9898137026255407
-0.28758318729180166
1.4052053856095308
-0.051586263247795125
-0.77007208066994037
-0.49460750652477115
1.2882354865095598
3.638783184023703
-6.8455671432402037
0.10027335264904934
0.0010913847832189859
-0.97899580746125181
-0.16886252096233459
3.4001927481800136
-4.6930290380677677
0.052416919055167835
-6.3141451060438074
5.6848305580556211
0.50054214948305165
-0.54608780961013603
-0.15644436005757842
7.0487316003352953
-1.9151413113243956
0.42944821144883311
-0.3108027168511458
-6.0815329991492106
0.90126491797570574
-1.0766726943933136
5.8764297903564078
-4.72140876553987
0.84897108551549771
0.52000735428799783
-0.35281168810729591
-2.4268221721052989
3.2119991983425296
-0.28930839531574348
6.8323780276646673
-0.51090784886002827
1.6497110696076469
0.81819005618292129
-0.16137050371819434
0.096159559954813248
0.072919855951330007
-2.8005180367026243
5.1879420507313165
-0.07187326562833396
0.12375784282951804
0.11758457088871355
0.063027449380421222
5.097118064652383
5.1167123475667617
-0.44066685246650428
6.4859096674192909
5.7403791458201381
-1.6065701823536291
-1.243152244744538
46.643503489064727
1.1455728270203718
-0.39709435183276087
3.2055389181873259
-4.3854800305036079
40.021189532336642
15.072152347414413
0.013110801020406446
2.4169349275327741
-7.6713649926761764
18.342162550466881
-3.9552439899375154
-0.16882704943245791
1.2515505958894926
1.3168489472464657
6.2001136575680089
