CNET_BTN 5
32 7 4 32 0.69999999999999996
INPUTS 1
PORT_IN onehot 16 2 hex_digit_pair
OUTPUTS 1
PORT_OUT binary_msb 7 1 ascii_char
2.19722457733618
-2.1972245773361805
2.2178243970480205
-19.10190716663147
-1.3845309500656364
20.792348892123677
-1.9348361257832241
-1.9941822499305706
0.17362751461781459
0.53498130942149613
0.25760731249066737
-0.9855342265083773
-0.28513443403424177
-0.97662282174138615
0.12802514725180814
-0.51097140415662101
0.46275215918454538
0.45481734672078611
-0.62175359355449078
0.80718405713064967
0.2636494033631398
-0.61406292916653948
0.0052186651203955936
0.73998229926450398
0.43327127903073204
-0.78362376781517984
0.88476210821863455
1.325665683976718
0.63060777034354731
0.065131389495519623
-0.54365063748280562
-3.9554569307638099
0.60417883726416499
-0.0087718641860712026
-0.27632010111451683
-0.90130314035462511
0.65251625110629607
-0.77770317697683644
-0.082186346018860434
0.071871089815973344
-0.2228156376842555
0.49412518692587049
-0.6921903134250923
-0.88714255195776237
0.43632312997833189
-0.20474868007446512
0.6922513504440444
-0.021698660237434053
0.073213904232917182
-0.90014343699453714
0.27726065858943438
0.80663472396008173
0.17795342875453968
0.88903469954527425
0.10330515457625045
0.87914670247505122
0.24228644672994171
-0.56895657216101569
0.49424726096377447
-0.50401318399609363
-0.36057618945890679
0.020844141972106156
-0.12283700064088865
0.62157048249763491
-0.49943540757469407
0.77068391979735718
0.57213049714651931
0.87817011017181912
0.28922391430402539
0.46324045533616132
-0.57597582934049507
0.52397228919339578
0.21616260261848819
0.062349314859462268
0.65465254676961582
-5.100017644402941
0.66663881634571309
-1.1379727786469385
-0.54097604594867432
-2.3068209900592782
0.38648752788594054
0.85947130711966979
-0.54129802045789943
-2.3135450553558585
0.38600321282653238
-1.9273464112628294
-0.60053454030538345
-2.2861250718782142
-1.1896437819764401
-0.51241303903950652
-1.9190525824385072
-2.320500036255094
-0.15244462255779989
-0.40506743590191924
3.2586703918914166
-2.2889439874150068
-2.7653437759622039
8.0709527502015046
0.82368648011536816
-2.2765221241487352
-8.8881863967419488
-6.8218092328492554
0.40816248045103426
-2.2852931666940717
-7.1342406467673412
1.5522471854564586
0.50139184504405043
-2.313392352730073
7.3798963366804076
0.86725738020862198
0.061104032554666295
-2.314618043443442
8.3017715269279595
5.7706726364540817
0.081484258784311564
-2.3229720000389324
5.3072044522256672
-6.8074006036618977
-0.027003283464484443
0.28826258328946097
-0.64864850536427565
0.028947704013446023
-3.1421191248807196
7.8394007041163301
6.0200947038961052
1.5916700392674648
1.3471555429340227
7.6486143531252475
1.2096257756191742
5.4125597450450647
1.0175649109167446
5.7573398859518869
-6.6926072564851289
-2.9851878792536195
-1.6262215031273644
7.0928785502517515
0.35974270429578842
1.5787295421735241
0.69277927421858887
2.9239127732479751e-15
-3.2727606605390455e-15
-88.118070778495962
26.640361212045054
2.8232479107031696
15.213904355312918
-2.0953147189006711
1.6721033009777266e-14
-1.6720904993710615e-14
-0.074439321892449062
19.468960301541905
-3.7662615613573918
-19.435328555866818
-18.530533973343807
1.2523136232326542e-14
-1.1938709253140359e-14
0.0014698613487117568
-0.14871548066687276
-0.15796236607638953
-21.977002093318372
22.968584573150842
3.5305465587596487e-14
-3.4836818729462864e-14
-0.022515467219513838
3.3595542166900008
6.2696307450587758
1.3026980398854735
-0.47197526415512348
