CNET_BTN 5
4 5 94 128 0.80000000000000004
INPUTS 1
PORT_IN binary_msb 4 1 nibble_value
OUTPUTS 1
PORT_OUT binary_msb 5 1 incremented_value
-12.783781480546724
9.9153811220434989
24.515838079117945
-10.924734977246791
37.774769403449135
-5.721208305051408
4.3200867842194288
19.97977426367866
19.372432301634362
2.5920634684725745
0.83049384259171177
0.79684201764089613
-1.4296845977788746
0.073405817162386033
0.80765971407104564
-0.58741753759191884
0.44969358116567998
0.84270330253004089
-0.35417406355381881
0.33217006010596212
-0.6267169036123188
0.24557900364390753
-0.084734647576332395
-0.99501548096002423
0.69603242449246305
0.88832663407617984
0.9900960149318575
0.37052774818925316
0.46279350917538759
-0.86172420281267526
0.083055348712363808
0.4907806058944289
0.71237359014586032
0.94498732527815155
-0.32030373006496432
-0.14273573426614725
0.65853943925465019
0.88177188518427829
-0.84474082621231661
0.069854939235448568
0.9247433570216681
0.42900285988673154
-0.37620356573787223
-0.25076891070255991
-0.98418305395676453
-0.48661992876124754
0.038057007864721389
-0.29936102776319728
0.045258076469983963
-0.70250629320303759
0.54136922429935741
-0.67162026709176759
0.71184365910279335
0.21829901084629891
-0.93060153402835111
0.29959763421309804
0.52598443998357169
-0.72356324169934583
-0.79827361233653349
-0.54167428516304916
0.28647755553410287
0.57567599466862884
-0.73705236770367832
0.98992884098005496
-0.19296795985257206
-0.88885135412329797
0.67497854712064065
-0.16531863514891426
0.89281934382519867
-0.19052690907987532
-0.44212146280524534
0.35209052425139464
-0.43302703741930482
-0.18332457122342499
-0.41795102738685869
0.23502308711219705
-0.4526809512803569
0.038239798198056979
0.069246099495216984
-0.32645664993959045
0.97271635279310775
-0.072542588008364897
-0.65538490963399643
-0.23093427503440137
0.37968087811212492
-0.47508204396323672
-0.66209910261166516
0.19864523127907011
-0.070833477853690943
0.74748990643250379
-0.56480601908142647
0.12863551291131325
-0.11716055047168115
-0.072847683478135972
-0.41959898274316909
0.37894832620365881
0.32987457679428178
-0.39970091747215897
0.62700277718436226
-0.064089694492939997
-18.170979648984051
-0.11247867455793943
-5.2705915328504416
-1.6507736178337342
-2.1496150410679027
-2.3558425862535284
-2.481752203968735
-1.1345197239882943
-2.4342750510319759
-0.15722510935572967
0.033437221965452978
0.28794410263412762
-0.62747597535519517
0.94724387203464611
-0.52666813986890637
0.23998562518894601
-0.91432931458372546
0.45782392348524853
0.73576939267410413
-0.61505270360051112
0.1447912611313083
0.51183424139959055
0.80860109343932884
0.017776160636541173
0.76145060123269748
0.69923599907553535
0.029185333318036771
-0.50978012511905757
-0.022559083179648588
0.467120854882345
0.89869688417317062
0.10900567577967532
-0.8426514248088196
0.64641983056213059
0.19469191929460067
0.30235883804355312
0.70880247485650416
0.24094545448084828
0.32440138392579221
-0.96478654608846504
0.062654008279921486
0.46728416571012582
-0.075474828776108088
-0.52720847172366059
0.89959916736218604
0.042879467813601781
-0.28672274234687278
-0.10513498807305166
-0.3744319161958139
-0.27433376480024357
-0.40837074954544061
-0.14047744793223732
-0.90057963111698425
0.10275592399787242
0.99505661164530546
-0.38224293978699458
-0.39134032561786242
0.62981130055357593
0.49473570869652339
0.77721644916585453
-0.90363050995254779
-0.080170359724937731
0.64976987947233678
0.21610190241249805
0.6377459785162175
-0.71752313022914105
0.10806660381909028
-0.75243441081332052
-0.83349122169805911
-0.48704474646915286
0.95855666276192719
0.033784463323563677
-0.54820427693579665
0.93121152124897366
-0.66801995340646958
-0.75042012118470847
-0.67564943712645653
0.67070569071960595
-0.74675749386231716
0.99700951202466148
0.15329446954004039
-0.78228122160722247
-0.2575458411509014
0.96905443379325362
0.57261881313738239
0.20072025935396207
-0.83342999719426858
-0.1362041300277882
-0.54228341111359979
-0.57133702660629426
0.84124271868691469
0.048738059031278355
0.15225684377574988
-0.016636178719810848
14.942137311886063
-18.58682058304635
-8.5159606101984906
7.5025663864109209
-2.9858980129132031
-0.33531128237292734
1.7287068520266555
-1.5025078058328036
-1.5260724156335306
-0.67815075731564267
-0.75468672760365141
-0.44324417944220307
-0.19006662183771586
0.5682617982692667
0.14072363895556605
0.58067180615584046
0.47226612262353318
-0.24453841562837608
0.22951359705417884
0.06150309746942545
0.86215141324966771
0.2872322209060274
-0.46020314831052178
0.19040535933982883
-0.035017088755297403
0.026935355433198992
-0.67312649241340006
-0.7932806782797186
-0.4933311651224217
0.54672002834417366
-0.44837047220688037
-0.26929255773620664
-0.50221220839185388
0.51749538191746602
0.60528172569066552
-0.73388580313528651
0.065271021957835282
-0.65898710853033005
-0.75703109002334168
0.95764476727681536
-0.48271165553038903
-0.96772961170057059
0.78112153658624606
0.59874254921677095
0.66429866692240247
0.35276394161928715
-0.45829706613634957
-0.11063205421555901
-0.61095159460836801
-0.80718712206385479
-0.45152276534587849
-0.056123313664594596
-0.53270132868594422
-0.79497777352962695
-0.52824465308304969
-0.95147500221552272
-0.36204043526154706
0.68663683149548538
-0.17606128374643623
0.66973001321939674
0.92328651758458713
-0.28757747362344688
0.40476773049372883
-0.28849160913064698
0.19925542127499127
-0.48240768212443458
-0.0033268314239692297
-0.97656219363383223
0.016022231997876293
0.13071098757178085
0.31009911831700948
0.15860459629315868
0.66814195253154107
0.25620221555946154
0.17862506293127076
0.38108477403198987
0.51469460170405679
-0.59270146115871059
0.0046081501939021731
-0.075900383617344303
0.55003515529091818
0.28910227752440287
0.45426805126472608
-0.50242623890451166
-0.77648244558766688
-0.56907866984721256
-0.59703362091164092
0.046113477911030737
-0.4894863952857702
0.06955168162115391
-0.8691976747830702
0.75676748201680677
0.23203222754600672
8.0131490153183567
11.165813183202214
-12.024317082233788
-4.8958094307122879
-4.0250458260724056
1.4889465029903486
-2.6010145937351363
1.3247803320921947
0.44252486155344928
-0.72789195599023138
0.51482422336179434
-0.87405332915431644
0.78351825601965031
-0.070655112729014077
-0.91487262463331831
0.52340728452080754
-0.46809657575138613
0.26891996215423886
0.082932897278069462
-1.0016214599036126
-0.24145417781773018
-0.63308991875125431
-0.5608397169293422
0.02208956965664928
-0.046569354346822876
-0.58457608010161077
-0.39724714142588741
-0.83740253765784034
0.51765778033944609
0.69447225696774406
0.1122330825260196
0.09126257324129107
0.96973253501423962
0.85523853971980179
-0.53648945600743947
-0.54284853558452195
0.43107713939885101
-0.5352714032314021
0.20993735243915168
-0.93513308161580366
-0.64996937586916148
-0.20609192101568516
-0.68580575222024931
-0.71355476509387195
0.47917121534605878
-0.1431047037427865
-0.24985498439217288
-0.2746363373664123
-0.89880148279131267
0.70037034983090907
-0.64611076455602057
-0.86883303466648032
0.50633258431109007
-0.057531118713355617
0.9259623545861323
0.56309942721464257
0.71807279614074426
0.56212019126103607
-0.41770738643236338
-0.19577621739524717
0.47038244788790673
0.93763006924114434
-0.64366670702664774
-0.97436474831111863
0.43382058712212873
0.13626524206600718
-0.94995090383814351
-0.2996003477051189
-0.30765701944755874
0.45298647179421636
-0.66393023164596476
0.76763247387207934
-0.53007603323166508
-0.80053152522037418
-0.89141532502640464
0.046601920207942363
0.10678425901960342
-0.25632499063184677
-0.91436614792535176
0.90075381245568753
-0.71379796736567536
-0.20187999446437352
0.66008520650801339
0.15164650888246006
-0.48881498212878072
0.95953249702049437
0.0013733105846497125
-0.75652333883610223
0.83080538517864322
-0.50230416506768893
-0.59269997645297057
0.65660574513696035
0.81670583388239482
0.39475692007202379
13.96868557162904
-5.3344861919665352
-16.757464737522298
-8.1668625077678172
-6.3368707431509135
2.4387321696891577
2.3825269704564014
0.067762071572341528
-0.5462323788851029
-1.267193239273545
-0.14615208307998384
0.94291689815224999
-0.52032127724202393
0.46152651282499185
-0.99545823781795284
-0.50709625855127616
-0.26959408234751769
-0.81729600687541293
-0.89853869690287502
0.74742700017296648
0.73757971631743147
0.15797745339221028
-0.93554593702748401
-0.0051698119962703699
0.39856421504795181
-0.75507284866922941
-0.43312971485610458
0.51864826313342038
0.1224025287343922
-0.72350923267118294
-0.78308710971608197
0.62044902459767737
-0.79931391355688874
0.21266077545109369
-0.99524473252991663
0.88781582934155412
-0.62816400440866682
-0.48161660792149696
0.99725698500974702
-0.30332840504982056
-0.3579556192869352
0.79546715763654674
-0.71759041878573593
0.97021536889020921
-0.64452257713960515
0.66527755839182856
-0.834102832687177
0.18637618553557669
-0.48497070584508117
-0.098117739690676317
0.61534369933930733
0.63597501974066195
0.35215397422572697
0.81487946781337117
-0.043916718723117455
-0.069613496363836014
-0.85259574569118624
0.88177286043004699
-0.18350766109243016
0.75927097805232502
0.30088191695584654
0.63134205847994218
-0.67674847979886188
-0.10153467945398501
-0.34794206671308586
-0.22397575987026055
0.5466778822551962
-0.5320296670706135
-0.9492780580788287
-0.40488909170379084
-0.80419342363099888
0.43943560045800428
-0.82311516414409813
-0.43272219785837496
-0.43589653484379032
0.39414671825309622
0.61125560493687536
0.2533345544886309
-0.27536942188811514
-0.46922207604353966
-0.84484473794122139
0.42930395572257213
0.97503625633428304
0.92345967610630009
-0.59831557225693988
0.46916107919225741
-0.46671961272389367
-0.97094635869148072
0.55522326125330579
-0.022553158778796024
0.48289437856718342
0.44566180723384596
0.50193792618819577
-0.32761619922482987
15.115478221311804
3.3499377325604627
-24.075148093796667
9.1680865320388278
-40.045861539003397
0.56535705287278504
-18.282842742343739
-2.0143231593434607
-0.44500248070392762
-0.041048423758249859
27.323053312988783
4.9216653066458456
-30.489681782002481
3.6815146797547689
0.25244708786884301
-30.199952256463163
-15.855203692906702
2.7865433213587587
1.4978367747847121
0.083682815180644285
-2.3474497099892289
17.895196017040803
-0.2235425374093821
3.9999011127179362
0.28577125399228942
-0.52813249398730244
0.69684459216402805
-1.4414852033633918
-2.6796262735138026
-0.19834095790695244
-0.35796035805395282
-0.7360651116266822
3.1670588482496913
-0.29382984615436131
-0.54885967877802022
-0.63998963497181882
0.93513022843984794
-2.3902780905606091
-0.36846721292554391
0.5053205449556899
0.25221457734753455
0.27590963244098793
1.2559954768964772
0.47934411537386518
0.44503711114721733
0.4061020829186246
-0.084231068993379302
2.2382505236339303
1.8632333087775004
0.28274120725405344
0.085766868795145085
0.087036866468849589
0.46178841883041616
0.11837911553795594
0.096110852511052516
0.0019705744109770177
-0.29931945723118059
0.032000672377597489
0.78416581778746608
0.29104175639221153
0.077164176481385793
0.16261789901469048
0.28060961487482267
0.19937638669405319
0.068493686860504208
-0.029098374789370968
0.0058015831768586691
-0.032135373716468733
0.1642420374009281
-0.14156955419982276
0.043692173069819144
-0.0036049663289831097
-0.05363440326708984
0.050116111217851964
0.13973438111767428
0.013709259507131279
0.033937088154268144
0.058671978027968877
-0.0041578682128466174
-0.077063917757220157
-0.0080281094050142169
0.01329166714731011
-0.026598599088309645
0.026110623280199124
-0.089200442415975606
0.0099913157612428333
0.0092838897260863525
0.0095139912180474927
0.02483251151444631
-0.10745378976889344
0.012034898615535704
0.0057997461276352493
0.023510518969517839
-0.022877198523558497
0.030383571758383507
-0.020696448222759917
-0.0011253797263664654
-0.025115733738395301
0.038319299577496121
-0.09836746013928481
-0.011349276929135791
-0.0058552120841815292
-0.0020500522134125664
0.0046549652389256731
-0.045855044087918843
-0.0084483619930552072
-0.0024506506210553035
-0.012142005472498083
0.034976348218102346
-0.064803551825957886
0.0013530150446906708
-5.8788307939078398e-05
0.005788337672991614
-0.0052702420560832471
0.015760630024498193
0.00033540872188832151
0.00038004358044813177
0.011539865026715746
-0.0047810969915236135
0.052510339350381519
-0.00280777956698037
0.000525057214102972
-0.0026521419392862636
-0.00065909993210512693
-0.013126119920700716
0.00030624872682569198
-0.002804017745077179
0.0059261816278849064
-0.0060301603107423014
0.036357189953006942
-0.00051117150379718782
-0.0014138124525140399
0.0003727923533581002
-0.00043811220445515945
0.009714331755656027
-0.0040882024204519666
-0.0019263126990078211
0.0016334488817621054
0.00023843838248471135
0.0077415658960809453
0.00039746864176907343
-0.0024594415309516344
0.0034304831147808496
0.0077369969544554959
-0.0077279500501478251
0.0028338300805335853
-0.0012156167328379293
0.0044672070857093215
-0.005037001188708006
0.0041577098518805105
0.00042519757935379393
-0.0020053311555349802
-0.00018296157427256338
-0.0021394114814159535
-0.0058680420524195613
-0.0019236309742629235
-0.00047116352634379356
0.0028222716884239519
0.00034993571915121363
0.0053831231669393643
0.0020709277412120954
-0.003399011631380506
0.0019532386850622447
0.0020849010944581992
0.0016084177052816699
0.0011074430351928738
0.0011529062924671915
0.002608138978389395
-0.0018270610551457639
0.0031310735857528567
-0.00034574426047836575
-0.0037456770283556904
0.00020293435438067749
-0.0012565857483853844
0.00093344279317991263
-0.0024707867264219677
-0.0010384148140808024
-0.00030325139420183793
0.0042129388846914324
-0.0029109254567876676
0.0017353125791543949
-0.0031032804201725633
0.00083168534116726705
0.00036933287045194679
0.0027293792142478539
0.0001604236381113055
-0.0032454618842264519
0.00019467672499737441
-0.00056028102929896715
0.0026884884447240655
-0.00073588600381311741
0.001147216167676392
0.00058203423684832138
0.0019491527204713607
0.0013465248571415196
0.00074109397618368159
-0.0043123866456062417
-0.00049504179075789611
0.005309820017464645
0.0019411509388191457
-0.0016221743961241832
0.00071641722667290051
-0.0010232434643676562
-0.003663480181963945
-0.0033215828712636966
-0.00089522504829843571
0.00077150841959180852
0.00023441595296953835
0.0017148403237227511
0.00041493347985404038
0.0011441616875842186
-0.0058779778955067117
-0.00076305986479235227
0.0050512954898542855
0.0010032280568108849
-0.0020857699066967193
0.0015546122297525448
0.00026688014629892295
0.0014009546032554328
0.00015503744948080472
0.0010759321844257053
-0.00084798278543166735
-0.00022558173403624832
-0.00052445232530907234
-9.0000929127476473e-05
-0.0015587937966054497
-0.0025064800938104132
0.00024425660491640217
0.0014665568837024423
-4.9782571096727428e-06
-0.00010340331207705417
-0.0015690829080601109
-0.00021934516151734875
-0.00065147769203360568
-0.0002897291684120628
-0.00032870772640615888
-5.4973732413534861e-05
-0.00022515986238338896
0.0014594895691425929
-4.3621122460347406e-05
-0.00057040075445204065
-0.0014195478919080493
-0.00048063253189103088
0.0010061589825196228
-0.00018395269529100479
0.0006782773797330855
0.00088698344630633644
-3.4753935540261441e-05
-0.00058031956125356547
-0.00020949563882236445
-0.0005180073692723433
8.5129143446851393e-05
-9.9120285391551076e-05
0.002682870020017995
0.00022623401854962949
-0.0007577919663606502
0.00069897778989801672
-0.00013375183716166653
0.002057520061719401
0.00021968858534085242
-0.00014391344652617366
0.00065661265212513503
0.00019205135218243824
0.00061559023488673946
-3.6662915390909119e-05
-0.0016775307546693947
0.0012904823454045009
0.00018302645276046519
0.0038467015514812024
-0.00031268383225398856
0.00073202602028638194
0.00017931960410674005
4.1305361915847292e-05
-0.00079700336089150658
-0.00028800398972027438
0.0011948700725083838
-0.0013182135439994273
0.00029890461307435204
0.00034604707978047133
0.00018042459329948993
0.00049752027347262106
-0.0021177199447714175
-0.00041746427346151855
0.0015086570016378323
-0.0005094447256458525
-0.00033297284219245467
0.0014678463176926919
0.0001959109178286016
0.0011878434125325652
7.1508788412297572e-05
-0.00052615006415138003
-0.0014502413415836085
4.6000887477500641e-05
-0.00012350393772741936
2.3031790762076262e-05
-0.00069704135864331928
0.00025414578410679447
0.00029363510053525145
0.00056109524504796018
0.00015439768172843601
-7.131214752931488e-05
-0.00048163838849574599
0.00055810968672564509
-0.0015256321015751006
0.00013876690951936273
-0.0017400623866352671
0.0048299849134968327
0.00074358311381700608
-0.0031985274860264552
-0.00049913337745613766
-4.2569650447507784e-05
-0.0011993197642444951
-0.00032567361347885507
0.00092048137324847717
-0.00012450714137223417
-0.0010312868316357789
-0.0008520438774142538
0.00010274705893064275
0.00011936891591008619
-5.3367417029566383e-05
0.00030273759217854711
-0.00076850262008875097
-9.4618866804456816e-06
-3.8464834521368746e-05
-0.0001818488783644948
-2.0312881399837249e-05
-0.00079687073007970869
0.00016391888865079852
-0.00061027190345007117
-5.8476657507957992e-05
-0.00088026937932707012
0.00076665058973060258
-3.3775731547609125e-05
0.001984307099014794
-2.7155749256153645e-05
-2.0585022430775309e-05
-0.00087231222331499679
-0.00012934905486782405
0.00015549394032868361
-0.00010050761688121604
0.0002053731582262546
0.00076263839393163617
-0.00010035824947022234
0.00037697256211571882
-0.00023551209133154948
0.00054046518582143372
3.6803911468012286e-06
-0.00021162406402102044
0.00021726684478623598
-3.2618645311669716e-06
-0.00022643354410169442
-0.0003931390091673395
-0.00027895576094903631
-0.00023315303048664944
-0.00013559421797625649
0.00041362121967058015
-0.00085892960813004939
0.00025461168065285213
-0.00037260493659206428
0.00015578473376828247
-6.939155569081556e-05
-0.00094805418897583914
-0.00017363256464106649
-1.0082866495037508e-05
-0.00011778413107185244
-0.0005766071018636033
-8.5696929628053384e-05
-0.00012262457877482757
-0.00059319823533003798
-8.051221434338613e-05
0.00010468905759044469
-0.001045437884035029
-7.1338839559805354e-06
-0.00017653998567067247
6.4500089351418539e-05
-0.00025735492763283719
0.00065242166982996074
1.4002680672223178e-05
0.00023380732789228656
1.8008768026146062e-05
-0.00046507036783099515
0.0007880884439913188
4.7408167794723678e-06
0.00067221272312459768
2.6609182071470438e-05
-0.00045286103311008335
0.00023988819697089286
-5.7937896811161246e-05
0.0003711603314284327
-3.3952650842331488e-05
0.0003089296391495119
-0.0015024194506307704
-0.00016314043832986759
0.00071226552896058108
0.0001506763563524632
-2.1039293770077132e-05
-4.1481473183521999e-05
-3.026669009756618e-05
0.00045726228640285521
-0.00018505483848434647
0.00014877617045788629
-0.0013924603872749375
-6.3843201782789064e-05
0.00047790376017442705
-2.2033546541972382e-05
-0.0002188235297923399
0.00027336717035860179
9.2098882788566313e-05
-0.00012422483212759042
4.4874521601913812e-05
-0.00026329600323950875
0.0010527694793775841
8.6424912998545755e-05
-0.00025652204713869336
1.5215823419730208e-05
-0.00023085791149421781
0.00048862445211442912
8.4124389124021656e-05
2.9383239935446053e-05
7.027095505911536e-05
5.1149427895321885e-05
-0.00026522859439987351
6.3638906956140645e-05
-0.00061882513424022618
-3.3501458750832355e-05
0.0001706479301598561
0.00010904749570532328
4.5891620085431344e-05
0.00010733743182900457
1.1504035529072873e-06
7.8756939963326022e-05
-0.0002822573979471241
-3.8583708067542858e-05
6.4905534475015572e-05
-4.1729089567676497e-05
-4.0725217861375798e-05
0.00013745056955091959
-3.3716747224713955e-05
7.3558435991443065e-05
-4.5316772518345285e-05
-3.3951897028230891e-05
0.00015287528255940119
4.0582791713468844e-05
1.9210412889762091e-05
-6.8193426558857257e-06
-8.1392547286583615e-05
4.1307447885522137e-05
-9.0681886256447433e-06
0.00019279758551269148
-1.9566431958223695e-05
-6.2599543618100487e-05
6.6238175995719353e-05
-9.3714927573246024e-06
0.00010952130454756941
1.3334639003476619e-05
2.0764272877563268e-05
-2.9814284333170763e-05
1.8337307471080193e-05
0.00016069232763608082
-5.8564077756707676e-07
-1.1948017948733096e-05
3.4673089133501339e-05
1.2315785791347665e-05
-4.5274578434329237e-05
-1.0475428593525286e-06
0
0
0
0
0
