CNET_BTN 5
40 8 73 128 0.80000000000000004
INPUTS 1
PORT_IN binary_msb 8 5 ascii_bytes
OUTPUTS 1
PORT_OUT onehot 8 1 word_token
-15.942504779346804
-1.6306050077639203
3.1145951573644797
2.0871845644399851
-2.4073461621940124
1.6829092994503072
-2.6712627410409637
-19.706357936404608
-0.39273992056184664
-1.1034361812048274
-0.12738910826578154
0.32385999571260415
-1.0739019590905146
0.38892867544013043
-0.46886553268103109
-0.11003937446065658
-0.19913826225484349
0.15363954010606837
-0.52770779774088317
0.34904809705904699
0.59303295386777266
0.47302730849828062
0.24116311187217618
-0.2772834414469596
0.14828683885972677
0.97492504305260907
-0.94604588405384116
-0.89751981732278308
-0.22267835404455241
0.18996545776270254
-0.6957811026300077
-0.41427799153685618
0.49757123126191077
0.49830879488234037
-0.056142655879633269
-0.35736296054249683
0.040065333415115388
0.301040984384358
0.78141364705367766
-0.89034691146092226
0.89033009551916975
-0.74698096196485575
0.97014541780025132
0.29200160556344051
-0.057546793737914916
0.63822945906639095
-0.67866469173338073
-0.98476924637344454
0.7799669906408454
0.87378918189814769
0.64689880627316609
-0.56756448324462339
0.72485261451915151
0.36674247603380999
-0.37740840101052414
0.7894988811219672
-0.73696405755548888
0.033449714056237922
-0.34502534285372022
-0.86032311416858243
-0.055299428185814098
0.19619776559583033
0.10259708943538874
0.27628037831474866
0.72793017914077662
-0.99429986044390573
-0.19552923084751284
0.43502581391364492
-0.65498250550426496
0.81395074874148243
-0.55089527962397655
0.89906169886110987
0.43824332029289154
0.55280374235651231
0.57462880480614964
0.15458599758169159
0.95438768850412004
0.43882729001322068
-0.53591017412672493
-0.98028659053673284
0.81833125176761823
-0.1502891588724633
-0.22435514313371629
0.74492680642051945
0.31778005478800275
-0.94961117391922101
-0.89380940324338587
0.51173553593071897
0.15344232467629126
-0.58703298195592735
0.70039793183114285
0.7208787778955319
0.89462467371235821
-0.35384466282736726
-0.38800964010321048
0.71966761803238999
-0.6451549742581113
0.59353701378849189
-0.89389454289055181
-0.37690575857502673
-0.49853286123766227
-0.95665745155730164
0.2360938476566663
0.45385852244396618
0.11893172334829893
0.57719974386375394
0.88747814851229934
-0.70052768089833095
-0.067705987518516308
-0.22150502969580932
-0.83209278706092982
0.74910659051924311
-0.95569719092720062
0.20431143380902306
0.62539975048294272
-0.55281668042429566
0.93373325277759389
0.0108021586252387
0.44949576419289028
0.45145581730243545
0.86789906763839486
0.48571443254394198
-0.91657841294844555
-0.19167870804279985
0.48702439548774823
-0.097969048236482337
0.55895146427627251
0.87145872594390927
-0.92254632149010263
0.90598398722055551
-0.30902617392550513
-0.94488095303293362
0.011478284844885778
0.96673499418736197
-0.5098464337689087
-0.78260432173619243
-0.32452986171680032
0.34181898429143187
-0.31979203751301022
0.42055487605768938
-0.29895860389757833
0.14485194494242415
0.083800385279487966
0.7391314794025996
-0.54294373911942528
-0.094218382190083383
0.49224408878583659
0.59472599513583169
-0.012235637294238266
-0.079604906532729447
-0.27635642759332268
-0.14245862101319184
-0.50142783555268677
-0.24918232450689293
-1.1471273666610602
0.034454700252398281
0.20986653184667792
-0.39841187544544465
-0.369592859408649
1.0080666865059258
-0.21887183389316756
0.46809390433489884
0.26038912338023201
0.42263637405495441
-0.03048711832305662
-0.34582292935580522
-0.1285982828426202
-0.47483871452993692
0.88741165394546839
-0.073794309126688856
-0.17923758582335431
-0.63126747385832416
0.40023511605472861
0.2502044437877291
-0.27502070000700113
0.82067356578115402
-0.13596395213413184
-0.29257770740891842
-0.99160333473186335
-0.71828510172301141
-0.13712743834488494
0.53054866228346631
-0.45105690608287841
0.38847036446941163
0.092568488178307359
0.87289638740644282
0.10284219992451382
0.42990025225563611
0.34474680865310903
0.064599206163480472
0.82908509780634188
0.6980961547590917
0.7716591281247922
0.44962965035537644
0.39263120200190887
0.75772492019902249
0.10479522209625507
0.32016646579571589
0.2220794513761811
0.10672593491599545
0.4054225007979681
-0.33295693984197977
0.41965000442809663
-0.50106069285816124
0.090771210618242851
0.61228272123222138
-0.64076057186266944
0.79803302697512768
0.26385270899913515
0.69924969464404696
-0.82704495031593672
0.43211757387707228
0.20213069601292211
0.81915295600033533
-0.01072422678219604
-0.38665207382334077
-0.2414872909167361
-0.32069009559805794
0.76115148630791207
0.27764255878920274
0.018944074136816331
0.14046880696077504
0.90537736884602582
0.71164833468961275
-0.5076705169425042
0.88317202605873035
0.14832621680029034
0.93016100299086468
-0.98168004303317524
0.98933679982523293
0.11028712760204784
0.7162598947604466
0.70450308253266991
-0.86001266253181385
-0.85214279212623034
-0.97385733666543728
-0.043050836326112396
0.68057862374958522
0.76488733839471235
0.52749880567542218
0.13925098122062662
0.36873127211291878
0.55292698627008452
-0.93229584765261775
-0.20746040121068265
0.54853950326728618
0.50688817794755492
0.076705837192342585
-0.069539591236756904
-0.085619395172977564
-0.36946651123904928
-0.39191418951000745
0.51539638895327067
-0.40615251260164775
-0.13777313434415173
0.44388536524208511
0.72048399584390399
-0.48568524861973028
-0.1050126678799338
-0.36421977978396214
0.58020829855474099
0.045047091806795114
-0.90113362572208677
-0.2685448468050663
-0.10996814123819032
-0.97183787076353922
0.45322955467422932
0.39780355961891067
-0.2920834204610826
-0.087140546686547138
-0.83022634770266079
0.22002335880884116
-0.56790997440363744
-0.27521205380336011
0.54351539609186128
0.12046964705012253
-0.69426254913875018
0.39849096415494145
0.48564512910584234
0.64229683654489778
-0.89302255394543639
-0.9748976407455735
-0.34026246487175227
0.20049264803551736
-0.13480235968474408
0.25502435269533863
0.20942845996908299
-0.19460642393427274
0.5459848854439262
0.58515800143832242
-0.29601080124080681
0.31878661425727728
0.35991355188186902
-0.45361090426035733
-0.86641949036457555
-0.22510998008079364
-0.19640167578887269
0.76646989200565496
-0.86794191685875033
-0.33789691950096601
0.36352728873263451
0.58534547516689717
0.16164802724624538
0.34798996536716759
0.80746194769610802
-0.73487006964255752
-0.95541041902773327
-0.4912239213203155
-0.90721908387225825
-0.0035102147569386309
0.72999815473090279
0.97700192187304924
-0.58990863598755805
0.78480676215627432
-0.62558260816725819
-0.79600897895608769
0.12291419759806728
-0.51371675512197434
0.95264950347321686
-0.11541449476713975
-0.27785276887223831
-0.64681345661617407
0.86452954071517707
0.64276374225654964
0.30505223754358063
-0.39501366501272012
-0.55039474586545278
-0.54191205279590948
-0.74409045637872095
0.64446726360980766
0.14763362415764436
0.85373869765612298
-0.39801620528861986
0.35324443735555611
0.66786978375530104
-0.30036511345540085
-0.58473215767454256
0.31227564659665824
0.81120069167795561
-0.72627710282926561
-0.012646050332312536
0.14776862630603793
0.195728336398418
0.2586664976693398
-0.39398110029305894
0.24680450463638984
-0.1820547204719728
-0.98898248931038979
0.60822418767234132
0.66712694461564892
0.86656647707636525
-0.54493444071706509
-0.38182233289114681
-0.94282774884612597
0.70947693505755616
-0.65572578192486031
-0.35129665581764924
-0.82407870796824245
0.9719251375951129
-0.099152827708721455
0.19400261490942952
-0.18724503162086797
0.76139505778517114
-0.87882996832357085
-0.31465090664085232
-0.73352438905053197
0.5994116278070013
0.081898737066786451
-0.47159700291979484
-0.62105535926507982
0.95842416833396471
0.95746580701857587
-0.52709642216893671
-0.12359505673349952
-1.46794115727282
-0.71532416100069107
1.1337624712309651
-0.032303853805267145
0.46051162353598679
-0.24561292830198078
0.58513636159712823
-0.83644064260600348
0.98447845027701464
-0.53522245254789147
0.64198676658776022
-0.42131999889222249
0.87838642861491534
0.53855251590409603
0.73300656753121285
-0.76810120441861574
0.19996338136618333
-0.50937906555383639
-0.021725795285197625
0.55256019265824308
0.501386313651908
0.0058956517581625709
-0.98190275051464648
0.4504397965505364
0.69203961369332223
-0.225385466821827
0.82918194026101266
-0.35256789588792437
0.82419583415840647
-0.72851852401611716
0.36970437097643799
-0.084983577109646227
-0.53244053603144237
-0.44920832187532245
0.24609236609667096
0.33525845015945044
0.43406034363130258
0.86640665533427441
-0.53466762686924107
-0.78741307107261505
0.65181486211540918
0.83415601736392009
0.20789030960407337
0.003540888603764687
-0.82576916527967481
0.28683767981543179
0.071825589972659226
-0.78839617083938363
0.8310192851408168
0.64159806453788248
-0.041022377463797492
-0.21213702881725507
0.67867272583649152
0.10037637810984822
0.44933342882868865
0.70465736689153635
-0.76933506936299911
0.76174177055823844
0.35466734347555312
0.19274656349684405
-0.30946385754693306
0.0013069968695357168
0.88657495419937615
0.39629201515994117
-0.9022512877322032
-0.23019698039029299
0.074966356261530059
0.58999918752651159
-0.88116839367700295
-0.97637156751079068
-0.90946559623693413
0.86453982343177294
-2.8161075620552736
1.5192277753579513
-3.1166665753749125
-0.58486302359935305
-0.15814959932031411
1.5951536646757611
-0.93848827810234936
-0.44372808647189743
0.8334629051732747
-0.20200061412609943
0.53200284105274309
0.95686411962376317
0.66162931290431171
0.37851588008211379
-0.56742448276118385
-0.97381478736306015
-0.47789598827050583
-0.65820406839106438
0.12913591666327831
0.78615192908583142
-0.4992676196402146
0.59215856693239677
-0.762929909312277
0.28506349927676861
-0.52297496998924442
-0.99194358794604842
-0.16636364916838495
-0.86191285410768081
0.88529534844783708
0.4426572794109816
0.79695191734691451
-0.61799004187723716
-0.45762948897859856
0.37698054706903039
-0.03069829134807096
-0.25558658773245618
0.38216406156189381
0.55699018599228844
-0.5878625041108515
0.41829289647814555
0.91980452356767983
0.88854277852897834
0.85954710564752013
0.97621295730876367
0.16536619149618609
-0.7051045286177694
-0.6662333562777113
0.60199749985424988
0.44750429895557192
0.43507282300409361
0.42674889894497853
-0.97150139845227101
-0.0084189902899654782
0.050096338024593234
0.60080953160366812
0.26461511872634241
0.89901249205209599
0.22888762472572188
0.90353063594026839
0.44648115866377491
-0.47015126220482628
0.26854380405402145
-0.62185583778121656
-0.92766399936183774
0.1669143554354077
-0.90429142242325944
-0.0087092981783633994
-0.4532950784199562
-0.26499379756589386
0.64764345987062377
-0.74926058405976281
0.13521479899679184
0.9897811636281113
0.44421794116089114
0.71990637530322077
1.1221549077380104
-0.042148124624802517
1.0939888720114375
0.83941494501413783
0.78826775922585091
0.50585586187355758
-0.88643043721893622
-0.79471735588643355
-0.4623701416697511
-0.58863010139030325
0.35517891693694165
0.44521558183302168
-0.85800875237618601
0.12676124173013834
-0.59739349004557651
0.44067226816105914
-0.79713916141839225
-0.20619214396414087
0.62890665505240362
0.77314773525011871
-0.37014796627218799
0.97229870459810885
0.99340843417238311
0.60445597696302789
0.048561613326727128
0.53521218928849335
0.20155950416816051
-0.032595174563674688
0.67997487229190667
0.20240333208646202
0.8190322827899037
0.66272234633314098
0.44455744414886678
0.93346697274419532
0.51612332930723304
0.29457186603481789
0.0088466132398575294
-0.72121479369474883
0.034198749904984241
0.83276580785921794
-0.17089013699125113
0.75776370341208799
0.19696796316098586
0.32917913450422059
0.29533520414696257
-0.45957514481286987
0.077759810455542019
-0.69544442225201697
0.6172131800884546
-0.065283549959333428
-0.23449993677983355
-0.83232814268075606
0.56905444729512855
-0.57291212829433913
0.026107405067529638
0.60933150737684971
-0.61270099310186488
0.61391253691533687
-0.099674909254141936
0.74741453290123294
0.63164564130388945
0.51923040316296498
-0.12256020673923464
0.70418942236515381
-0.52533902125561271
0.84068844400170883
0.9502042058993263
-0.67653474551429904
-0.72439336495425555
0.41189076230414773
0.55756720973065454
-0.12268530497375349
-1.3000501580960313
1.6177783429784798
0.78769249474266589
0.4620717809630529
-0.33919029940131756
-0.54451229926368172
-0.24124587243058959
-0.09848078994727763
0.48261900134825481
0.95577843206306112
0.12945165852318133
0.8965441340042456
0.12926017155195377
0.75706145338093156
0.62500409369053256
-0.17533343824357142
-0.84261801925721713
-0.33336016814514613
0.3190351300931924
0.18557773564104274
0.62137244789597645
-0.0060190239042520405
-0.094413774842720774
-0.29936316590754036
-0.044359226352427755
-0.4105882508506935
-0.39793518195869215
0.38838664028437342
0.52818256537795161
-0.44895074761662446
-0.7381967801824002
-0.1815680175797299
-0.38807978447694763
-0.61745962062433946
-0.34372285024618859
-0.93689169599287847
0.021134330725585716
-0.029266700578350065
0.26559918668782645
-0.43221945739104373
-0.75595863894309623
0.41250042334198539
0.81667527985243138
0.3093658105516392
-0.78978483634513852
-0.64278732280462236
-0.03351534169705301
0.34019803469582921
0.54168389129022687
-0.68485021952367719
0.69085075954840747
0.44264859239820503
-0.32504189597180672
0.06606406133145877
0.18641725188924763
-0.69104631985872977
0.35954548666829389
-0.45072061849862061
-0.80394904221230878
-0.93455060238879362
-0.56301412608954882
-0.92286440089247557
-0.013842038464544933
0.094073432873429091
-0.64020966163626636
0.79860683228198748
0.27667127531279773
-0.038511517709179072
-0.92347293809459818
0.87411908881372968
-0.98564900341712347
-0.87364397564606922
0.31545538143974516
0.17612286618730177
0.077047526406611944
-0.59575953595142783
0.64589000383666262
0.042143057585760424
0.60362245775927903
0.60387946088047673
-0.82377328808595118
-0.77215140395432313
-0.47018521068160668
-0.36685445037058295
-0.87842803722174279
-0.064368164662443217
0.054088793254498668
-0.073638789855706821
0.3344711043566797
0.24104028159800928
-0.51338647469570231
0.037059415614725699
-0.78809109506574049
-0.0020597525881881351
0.013766168157461234
-0.91748534232260903
-0.10273005492181053
0.033914943707135992
0.85440478560254207
-0.64188692795200597
0.23852335719322948
-0.28056816909488669
-0.4998373275156307
0.081502763126745315
-0.56450523788319207
0.9283917722890116
0.83458918325351039
-0.25442612415851384
0.45702617403912638
0.73007383743770138
-0.015156051616722732
0.48063753055438285
0.2276164168620558
0.79790521124280311
-0.55306833682258993
-0.19424643236875838
0.52267487138634317
0.61190521792131713
-0.56983938979443138
-0.33440186145454731
-0.95426741240279167
-0.20561434291564595
0.34957312669119478
-0.63800656778645082
0.06090722282459371
-0.014169995213937914
0.74864183820255192
-0.72118660515229527
0.83784328859198998
-0.19613005742250478
-0.095735130410518066
-0.48027610847739322
0.72396889036706136
0.61469039116738844
0.48045083763098839
-0.67270234956997554
-0.77534367785572245
-0.19023242275707075
0.64276062494272401
0.068948276838729283
0.50241629942432797
0.9397933752926968
-0.31735313186298741
0.30892796130335332
-0.999852643348208
0.19328008557791757
-0.54589506666712828
-0.57218448602542871
0.74765960381272523
-0.59264744921621326
-0.53671313178713564
0.84914918931889471
0.83128518036140198
-0.68512834253232624
0.72221264924506789
0.76614640779943033
-0.40708553509615059
0.028157556704879683
0.30543325184373765
-0.68380331046818155
-0.14943127997250727
0.44740609636715062
0.33117585412105405
-0.51569584097386234
0.37529966133468706
-0.27090450661370175
0.062847893733116292
0.46870835902130376
-0.4909456105103478
-0.38514683583403869
-0.52718680648183691
0.68488442026275631
-0.063800424277942733
-0.35535174144187376
-0.20920927690668867
-0.9318995663623777
-0.25748714188892713
0.2480371700634397
-0.96347960056892434
0.2210608172039637
0.91343773983355836
-0.68776491339190404
0.54710202334720293
0.98798215561278679
-0.62546434871896661
0.96287577532413093
-0.24588726237146033
0.14565014181708902
0.78159764148097632
0.81202249833247409
0.68651135947062125
0.47353412632970854
0.30871303325653948
-0.012418741378757418
0.29920246090357988
-0.52569793728396774
0.88365857399558367
-0.98441346301784005
-0.45263618568780772
0.20604693517011821
0.3116312747493048
-0.56949066962436412
0.29555575632391629
-0.62784207536994774
-0.54527062230875711
-0.57863821192650811
-0.50298237712925431
0.85992067896665025
0.12804696805604676
0.7228371875634525
0.12259110567794554
0.81191532883247208
-0.58659798126888374
-0.87766178367516678
0.10224111809532697
0.50434423391999683
-0.11791374379253801
-0.81897894750301681
0.2733697925104619
-0.0046846526696741053
-0.15963230708596865
-0.21244395860118981
0.19465908463795634
0.50195862795317492
0.60865793731466766
-0.94736181569628497
-0.56461645735642707
0.29981062901197486
-0.30218417351235827
0.87827471265488999
-0.60769656654805715
0.41617885484182215
0.87151630775607947
-0.78533001606600827
-0.017599089545011104
-0.21729065534532566
0.22253420540249635
-0.76434394147449358
0.78992909742050288
0.25592275860529523
0.71494352990525933
0.76656159933961998
-0.9097344539639235
-0.010297503792819351
0.55270750799808077
0.99034772999135212
-0.79415887770902316
0.66006448476578328
-0.73324174421524713
0.39840370016098192
0.085127713664028715
0.62888436374668233
0.95766978243257372
0.84575289666920561
-0.1251618094393806
-0.29084049318490568
0.0055151381555549328
0.3274510658008285
0.78806831119026444
-0.44613046825217573
0.46821571489247304
0.48476410167513606
0.4567495563331756
0.41802781048138993
0.9025086797319859
-0.86919564747679778
0.19208797867972782
-0.77482922457849102
0.38674129237734767
-0.66737612135120483
0.29740641512787258
-0.74634066864212079
-9.9701341288005452e-05
0.58704052380614002
-0.17322918547933419
0.64033658413232142
-0.20603569560033996
-0.15141519585224572
0.82994486756154573
0.12146212399073986
0.7500988700194744
-0.55683001017050349
0.76763129502890237
0.60662593581090962
-0.23408965451367647
0.37058614165083781
0.7923209209890667
-0.49042575130724619
-0.21534825731783558
0.88252442231519357
0.39605444548467839
3.2406461777252886
1.5321735191112245
0.0091663008435195863
-0.81755806455889901
-1.1345517020927338
-0.68267893988905559
-0.1927438784720375
0.4372396869328059
-0.10179609436997054
-0.01709413057467158
0.36731953165965892
0.79463355563326121
0.39761918103661137
0.99583123999820811
-0.74263780456629591
0.71207251666220306
0.73788453536885046
-0.21470335638855165
-0.91982030735444009
0.63226725664322325
0.33908951619564864
-0.68236249844666441
-0.92852312158188233
-0.6013099889150022
0.90765801496633891
-0.090141808189750566
-0.6833399231120445
0.083501431013411301
0.24247446082186602
0.41143806797205928
-0.24659065709978595
-0.26419425396547042
-0.99679238641339107
0.55188180354651084
0.20177640593329207
-0.22422806013964003
-0.33198527677974021
-0.80378436516241858
-0.18831360984430515
-0.83765750156564189
-0.39241494446829422
-0.39872704815914067
-0.086822878068823814
0.79069757757510495
0.18621148332238799
-0.98356635563862682
-0.001787512992003722
-0.021944573406856956
-0.72703392388796351
0.40398240331042384
-0.77124320923112644
0.49846688543908191
-0.57072799881846603
0.50715511407423108
0.95354412311351566
0.66504139063693823
-0.077962506864549988
-0.87729745270848314
0.81484635236126302
0.96341641538686318
0.20742629468708629
0.55111229867680767
-0.44605665038358322
0.44299517593621102
-0.43160619988484866
-0.90105774511387138
-0.34917131337250362
-0.7024799896109476
0.028601452049008023
-0.97267241756078693
0.57360549506167158
-0.60194064384568191
0.12515053391696451
0.14167384267258562
-0.42214538812983915
0.72112378221431406
-0.36378302180545918
1.4832551163285059
-0.41835831243220761
-0.14881535794309544
0.61511813743397314
-0.15921827884849363
0.37067004415092636
0.21593297837258252
-0.22311115688211192
0.14928867389939102
0.55092368364655087
0.81118431785164991
0.46961655288864806
0.78594985794686567
-0.33970625641636226
-0.081262204614734351
-0.59130372660894825
0.043395114717027471
-0.73147484220879122
0.47028142117450494
0.28203816730798037
-0.47626557261648111
-0.01202126972029309
0.72446713932583939
-0.27913501304903054
-0.95413023785483131
-0.90837711992438386
-0.6901724059471811
-0.0029488458526142573
-0.2646313778163053
-0.024332788201271327
0.25152885900500055
-0.44088721622626159
-0.9328777647625649
-0.85366721436273096
0.21390739058974667
-0.31708853866487868
0.069017345196478008
-0.15272632147854651
-0.12253595643901766
-0.46395589648576413
0.46410553172940888
-0.87686424916396966
0.71405158750855469
-0.41091560407737759
0.85969059458319741
-0.64827274197332652
0.57118771854974804
-0.024031299156978689
0.18446268640795543
-0.20919710656348653
0.96999759077509362
0.054052690683887898
-0.50000356093600362
0.30017295572618363
0.8647609025602444
-0.76576483950568131
-0.51198290761162712
-0.92163257579602831
0.6135358586965437
0.5428737059051908
0.83970146863453587
-0.28559643559438785
-0.88776125207784351
-0.60407380521694598
-0.63519599063125065
-0.7223731416005813
0.081512771941232617
0.97120232571369203
0.24091620056001295
-2.6057782245983736
0.18486102254496914
1.1487549702739155
1.4864533028488047
-0.92411971560887207
-0.41127366821203354
-0.39186937907134334
-0.39172502091627337
0.13579477337125051
0.74018909182085413
0.16568634783338068
-0.6616042204757755
-0.20026994625625952
-0.86937502363758068
-0.4821933728572998
-0.45670511940036035
0.53034979337582755
0.051562532425020985
1.0053067672010927
0.79612617158346166
-0.13394725491382475
-0.098882396127219455
0.67471125472860782
-0.88549794809868654
-0.38071007751033475
-0.39924136198133314
-0.64170122923158224
0.72160798292234696
0.93374470628430639
-0.43827252767202851
-0.84962113895821789
-0.71589092845183799
0.39612428808277927
0.85016021388171803
0.15819502970109212
0.48240977286737868
0.62029964748577493
0.40798253439140275
-0.51021193930417907
-0.15924100582603196
-0.1237453041239156
-0.65059301983938189
0.60735277230152407
0.96117391504679417
0.091157814105936028
0.52787114260740753
0.0067557049094010896
0.16658236882585753
0.12143211180770186
-0.18535780164477828
0.14930456995238761
0.029516003638396789
-0.83635694036760888
0.79909549072084973
0.4238901712126934
-0.79494064976796808
-0.97994223556978355
0.26294743421776651
0.718857271895877
-0.078326362292277449
-0.70451845747993802
-0.049209670121701209
-0.49313745043301915
0.63931328175922286
-0.10175469231578632
0.75924319055792233
0.22545790841815891
0.059227033083397773
0.61091771440059495
0.86301648801476183
-0.58117201621381398
-0.39176077650016766
0.16432503106273955
-1.7348595375386944
-0.44609717697299878
1.2696268170499927
0.62866963598052228
0.48104781258867535
1.0765611775497537
0.64008809278813295
-1.0050855385067057
0.77266487209336854
0.47438840010515831
0.56615110353705445
0.89855618098739531
0.35307030260711986
0.58638447244397141
0.92569368085637649
-0.606061975060182
0.067854722003019452
0.1470031031789262
1.0574728563139226
0.60631600010563291
0.69674866606501829
-0.65365289282710437
-0.038879630934986649
0.61206146623891888
0.64639967206569815
-0.21147640093235337
0.029333651917993919
-0.31846948700308281
-0.29293295632736072
-0.35324522603512754
-0.60741534264268404
0.48267990273310357
0.44381945915125948
-0.72178881488583801
0.99886908271979213
-0.84927770156704163
-0.056394570480022221
-0.50855239997477708
-0.66337002578625315
-0.38429512201394633
0.43718387998326352
-0.20271932081689883
0.1371436178301921
0.88043796886478953
-0.83008765840291066
0.64304415393914316
-0.32700519659068161
-0.30405672663969435
0.16724783310676711
0.43322762937369036
0.60688219460864634
0.72571159666587903
0.40991846986570385
-0.61227959254102782
0.95647916808430777
-0.68487861249953985
0.70548157501836006
0.61449226823593983
-0.84245690718127697
-0.39076138399809962
-0.48996272300001942
-0.52319022036797802
-0.75921645846395547
0.3172054337514903
0.59144148601513791
0.14926845433572522
-0.063460451702101128
-0.45496425671823443
0.69525544593594146
-0.97976077082089574
-0.82378751128819094
0.9795202393695458
-0.86667426483085108
-1.5894085934945326
-0.077927774155345131
-1.0860553122557437
-1.021508396748162
0.69250952129457732
-0.19779537610746603
0.45944378729212099
0.66043904865160374
0.042018051425794997
-0.037768513954895611
0.62180096962436615
-0.44217353965686707
0.045264082312800935
0.53287408226977495
-0.49237843113357854
0.50109298266930025
0.65504130729087418
-0.87861210846917848
-0.90394461258371672
-0.045861211887086813
-0.1092538907941413
-0.43183487485700645
-0.59771201777611038
-0.093303935709727989
0.049790741131832669
-0.8884900597494042
0.32124551055978862
0.15827592106057853
-0.66560327743416825
-0.1482514651054796
-0.72795938613710764
0.76590260595391269
0.11768594508854868
-0.44940607198013593
-0.13780427640296328
-0.75016622147753786
0.92087627315492881
0.47702021936690131
0.32985996596334533
0.019449927547927313
0.62838687292738082
-0.66175262146162417
0.31719368139867898
-0.7966503348119951
0.28596145028764347
0.77978381268804953
-0.61334213894970124
-0.40576098480800876
-0.72468397056305001
-0.47527873168824447
-0.02619012240558833
0.4667695759113869
0.83898444246572135
-0.32346073963143085
-0.15907409152331572
-0.17842358246470338
0.22922091469718142
-0.49471628899331643
-0.77743851325146052
0.26876460745520059
0.76410061918320327
-0.53488922591747234
-0.086864194967264968
0.54285853937786566
-0.33944512372998398
0.62500262229517756
0.77247569346280631
-0.075160537945712397
-0.25914969681688077
-0.77209743187360991
0.46227962210039641
-0.17321171645272362
-0.56713056916703031
-0.31038371907099327
-0.99903867114290534
0.25302123709256819
-0.44663449164788915
-0.72458609273870755
-0.51242351323013358
-0.96176055071957434
0.55224118454020532
-0.44497180704258932
0.96788667792821603
-0.54498281588078612
-0.42702117163083575
0.14839463827591137
0.45490527779557999
0.16191932985648472
0.25851998816175392
-0.73009720245846421
-0.67403982564529397
0.17863206061470893
0.22699721866613132
-0.1761632585787043
0.3137212979205517
-0.99121062084623179
-0.68284215297682316
-0.26116422249989779
0.50226553040662103
0.78936641932901286
0.87234307819620849
-0.87053963535956091
0.74233954294693638
0.68805578057098016
-0.68255149092644052
0.56086388303007184
-0.32657884123110159
0.71197282882033508
-0.21306133233618985
0.065398104984964345
-0.47792110567815649
0.28634529155043209
-0.83473060272388655
-0.76183490537192433
0.13230155833638335
-0.10573766059509371
0.63331257814230058
0.98423229250322675
-0.75626654539083438
0.35780821710722899
0.0203072107491582
0.061793840053395277
0.012337928177946322
-0.42100283197173982
0.59297575410128367
0.48494452027834223
0.9627089723771014
0.9050523107429278
-0.46744487223562081
0.55761912910156841
0.53426014703431179
-0.18032816014267883
-0.033312429223820716
0.66186557694425141
0.97412115613656169
-0.92361879345198106
-0.40314823081863493
-0.8499703024746712
-0.40279048280920393
0.95148113460814643
-0.65272043536078206
-0.48858676268187662
0.74486178240965195
-0.56805112937840219
0.29237818685005323
-0.10993857733436796
0.94317390670557799
-1.4578853248135868
-0.70112775489181844
-0.2014818404701478
-0.86539234305323076
-0.687515367212582
0.55264846202027229
0.64813142731493112
0.62289268772675355
-0.79380644758071339
0.75103904026952806
-0.57703941632203848
-0.0024820781895925838
-0.86799527764361273
0.47512265241347623
-0.41431244058799505
-0.92813970990960992
0.76424240150184597
0.11314127030740487
-0.92911106679229372
0.078864106712377424
0.934200532770884
0.33821943561568252
0.7829831934623489
0.42437389299177991
-0.8739435181593368
0.4717002755529528
0.028083665482364802
0.98946021207851997
-0.47898773571072878
0.84636868839233081
-0.49896956638216977
-0.74586666514649669
0.91956136971851843
0.26351410393148739
-0.92353340082793334
-0.53471397895326345
-0.87806340111568082
0.29562823015528272
-0.06452464602629307
-0.26788640492575372
0.20587606933943908
0.012921537416776338
0.80433445299271822
-0.63849532919020557
-0.7268065454250271
-0.47799912730985233
0.70065569853578002
0.13335217026803245
0.67407644215997975
-0.18397369165314459
0.59455521051120419
0.34954370968323606
-0.94385174664644977
0.6380868645107689
-0.93442186022460538
0.93825867593322865
-0.18906209125530971
-0.2690961384856384
0.016802903285194987
0.1673156541004808
-0.40474590237693908
-0.38183993633437979
-0.80727711863581508
-0.49893608544216783
0.59588675355390253
0.31999894482531238
0.56235456073481771
0.43687578250836173
0.60314996487067951
-0.10234890761515207
0.58460955016303662
0.23203534224631039
-0.6708110271351464
0.86854631913292524
-0.4821781206327389
0.33984913553104223
-0.29537634984374805
0.70726775923150953
-0.98277271631302909
0.87405637273288161
-0.57086850589647353
-0.6224833184957892
-0.29406997062921059
0.90786951962293561
-0.13397920184488377
0.061440260643810252
-0.27766766458641168
0.95945904681433869
0.55327646972298461
0.99427282251150939
0.5867538860006043
-0.41318000732603488
-0.50100765912840495
0.38762817037647035
-0.055149755931994782
-0.19244097880667121
-0.16024806404497849
0.70172859900711515
-0.090586507269454386
-0.62315170542483767
-0.26823535806882914
0.50460584624884919
0.68102252934175667
-0.66829357746443407
0.88201392902155118
-0.33210578715992434
0.849855294381201
-0.090144480154916828
-0.48095734300136439
-0.81012915624777282
0.0028040739720707197
0.76812263660511126
0.60605031978620705
0.74901717796410305
0.64546572121114743
0.73020266263289502
0.084030930457651198
-0.3982021442606124
0.35415780514206641
-0.066839933892171799
-0.70706534465172577
-0.85478109766486154
0.81150585217937166
0.38431950443625418
-0.47799499774258347
0.55385647786495107
-0.23805008234365377
-0.8100904290611346
0.22306061965555912
0.60940422378918346
0.80924849762080631
-0.79317457126135682
-0.5133343988625958
0.38170267053959095
0.48127968957707279
0.9209876050804684
0.55374438294849559
0.70251599592273872
0.52842122108136369
-0.55495661848921174
0.66360156129282033
-0.086815451777919828
0.49068994610136829
0.93311365970089732
-0.23996254021300123
1.9341465820691426
0.3126872668742684
-1.8854771427270822
-0.69672171209819267
0.90760518082977004
-0.89088265822918244
-0.11334767747088903
-0.90163758098810487
0.46319041343128503
-0.46801070297077152
0.92072824481840876
0.29651896809932515
0.92258170668467676
-1.0378006739987904
0.2830325780921612
-0.82199810010990282
-0.83018241657500569
-0.96945284956983857
0.8891466152017462
-0.18876186912472601
0.53198881388717056
0.33916392004864648
-0.86215685382206009
0.17749000173739102
-0.17175308638811201
-0.61528071684042995
-0.21832037424907444
0.14497096183459521
0.81661567322756123
-0.86891562589107652
-0.80169420155097515
-0.96923795974578464
-0.071995862968359747
0.31571189865917648
0.92847184673259631
0.53602405345102822
-0.55603881307979852
0.15229597971149614
0.37747534879348721
-0.50137743853497774
0.87886049560795121
-0.050606021429224692
-0.98606203871692077
-0.86543820144867445
-0.36493006599833794
-0.84343626706887764
0.038040441338868768
-0.83063685157891687
0.54258044945256267
-0.71220768749173602
-0.6867553722583073
0.77364829494397014
0.7409625172497678
-0.10817682287307552
-0.44611359923022298
-0.57089469211209587
0.52226814006520839
-0.16831807554324293
0.52981628195597474
0.39900023392159611
-0.35783769402571891
0.89777690067716476
0.39331434025415568
0.18603580388151614
-0.078955502768176186
-0.68738438932099366
-0.61830620191971752
-0.8900069694380276
0.2525972151807343
0.57691121321688232
-0.23146495974137729
-0.74787622089251671
-0.97231142407856486
-0.48275988758537125
1.1057245583212563
0.61710342177750066
0.9589254680295205
-0.15462699577725159
-0.20310244404336783
-0.64306522528503096
0.97468570798320198
-0.20635288286703835
0.79227840530940963
0.2835586341361066
-0.092473727549733542
0.73829954196400327
-0.57347939655138425
-0.70557917847577456
-0.42180178042685168
-0.31462063832617243
0.1496903551350037
-0.73527541300104082
0.1363388389548241
0.77166582508893555
-0.2530517966307082
0.35638375189622434
-0.050584578208927131
-0.93113583758059526
-0.84862543108832078
-0.10984202910038841
0.95934823659796242
0.87329540534083405
0.80332749212348675
-0.16333523362014313
-0.92957047826745665
0.32625146300080765
-0.62065454002507525
0.14008450295879066
-0.61524859713722635
-0.35675362736049043
0.81553522765419639
0.27576226981045632
-0.77401945241741166
0.29264288839103364
-0.81775306848487961
0.13274593309688537
0.1407305161193089
-0.63022695385335104
-0.7872913467654159
-0.41877591290870098
0.062588746874330123
-0.93405932415621906
0.25512336447085349
0.56685371711334531
0.77854923852424662
-0.019980315530279708
0.16722433816658769
0.99465251553073242
-0.11790111261908243
0.35745348969603286
-0.68366402311900321
-0.3361898804709722
0.97364702057972541
-0.97935544503567129
-0.22085226569540434
0.4325224363114003
0.14537583080166896
-0.60315563631750468
0.13657852261374651
-0.93675133379954933
-0.621719791931859
-0.54483261376573977
-0.85245071754627977
0.69561678256402748
0.06381794434039581
-0.65490405431711296
0.64367990511444173
0.45087935190924955
-0.45499227876964299
0.41684620636222175
-1.4286792714273275
-0.50619913098832092
0.6013442898937752
0.60848549703353039
-0.088893011909781647
-1.0857850678081455
-0.92992074895525556
0.71468562873952934
0.33014587872419837
-0.1375705708452124
0.8859813228016441
0.52275920463014003
-0.62624237226063939
0.29393672089907508
-0.65295139229781829
-0.31575232621270022
0.15291749410322616
-0.58411691416854883
-0.51409403396124342
0.68061129941436449
-0.28682505128851554
-0.81056383787798003
0.54853790799376179
0.53365421360185028
0.50006420968936838
0.4061533334780868
0.80943687904576667
0.39767326377968981
0.72784380688408123
0.2206847334696766
-0.23410317638298508
0.4044665028075613
0.86278259228889487
-0.64025177200698746
-0.59417519977207234
0.50163972324137318
0.064350465089296066
-0.61258779183463308
0.77164128906938834
0.70398780724632948
0.6878529180178562
-0.053512478060502321
0.93356399695767156
0.70223680019779178
-0.023846888364052677
0.8114479166189047
0.44358754185042276
-0.34855764611165663
0.56701874638284944
0.4920814460894663
0.66880420344481351
0.30688462251573678
0.49571374726126627
-0.44862819997796061
-0.80019442819182474
-0.95084974256599697
0.72895463919434789
-0.97773647733716074
0.66411381173613249
0.77956758364116419
-0.22576850610136009
-0.99531435180115801
-0.90586563263714392
0.6080078948480182
0.65530108199771553
0.10088273568672498
0.45889363329870497
0.72208590313940479
-0.60386655088694141
-0.37930366983065844
-0.48295546822092661
-0.23188638740720402
-0.82905193459381021
0.51414714975576492
-0.83750428355515971
0.85325553352841221
-0.26739792726840578
-0.29938963947883912
0.67995288217997329
0.012401291931600965
0.73528796576207167
0.29400510121445633
0.43464388429200307
-0.25634013169590336
0.42875015980350717
-0.13190071694828756
0.16059312473341045
0.8186184898251766
-0.17091049082116824
0.63249014653531466
-0.87956483551410147
0.33817408484055006
0.49357097217534796
0.42458156777088546
0.87670791564528172
-0.72604257094991542
-0.92225520704578201
-0.59359620397708679
0.16931733852170314
0.49681039719035763
0.81217331105832691
0.03765595794624918
0.20604545195623017
-0.81850623240627862
0.50617214908420904
0.73596217960811061
-0.90525205921502794
0.015700584197981756
-0.18004393656571541
0.89409077102612289
-0.27064392051602654
0.88772446781296677
0.78146089173533617
0.06750576382553504
0.88141613015625264
-0.5952192906606566
-0.20804589482558455
0.33207969137853094
-0.44917224553134
0.34669385520117935
-0.57137676640337576
0.88064012440737738
0.83652368572151536
0.75008373554324115
0.53170220224735154
-0.2014516265204388
-0.44038928469786359
0.53551419620832619
-0.79652865084578339
-0.92281177171020234
-0.75720573875354924
0.20726512079477585
0.63514050430000946
-0.17989388886133942
0.75085900565105279
0.93449750611171278
0.68462183570745239
-0.59281676930249305
0.53129892546116853
-0.79263761379098197
-0.28378639423741803
-0.9525980148243709
0.76118809005764276
-2.2660213801739348
0.86865519534772395
0.75523088813457195
-1.014624841649935
0.82757900532622874
-0.60298160303693593
0.8183568675074504
0.58569368244376752
0.79994922613145236
-0.81239744679015957
-0.88478645031979042
-0.58655168265238111
0.165071075014075
-0.51628662354733601
-0.56449885560460578
0.5334425451879965
0.52715413263383748
-0.75142305464868819
0.43547516158405353
-0.31422076121582043
0.32377877688653178
-0.36762598436811811
0.8497260355590367
-0.50982366644712063
-0.73335552884972621
0.26370088834072009
-0.53129816340549108
0.73068858001368786
0.28428109546645913
0.487021699021087
0.90659073366741905
0.79677563313500466
0.92425340193336303
-0.35445346728499183
-0.34929156065674427
-0.33304105907093451
-0.61602696687927083
0.96506333826742852
-0.47799929685338244
0.18062460653242299
-0.053311105244873293
0.80643906731716508
0.94534323788069674
0.86280447861506415
0.60897491537112003
-0.94152048334161875
-0.67296662457318324
0.12933592769197785
-0.97174231779067743
-0.45714619587253558
0.34928458793749634
-0.05688157227262175
0.57570706218048151
-0.39512233124054735
-0.30148027752448631
-0.63631115007404182
-0.35149371107228544
-0.76294703910464234
0.72445490767367615
0.72255894186504965
-0.20701373302064807
0.36834683175453214
0.84812767603410266
-0.26420493787389265
-0.55509847462141193
-0.58687555336886543
0.96011618218797656
-0.15595485597801956
-0.51573046683269452
0.0031567127672887997
0.32767808225460682
0.34068097143465703
0.45765165866243263
-0.58384507130079211
-0.96173877080983428
0.55286247728060123
0.51418374642458908
0.69660847061155762
0.014754795941875676
-0.84812143717339328
0.2839779170621084
-0.22689714619279711
-0.55115932670941548
-0.05714681421273704
0.6012250993406516
0.7546332412188097
-0.092160864310414037
0.2904805612240362
-0.072896871284068077
-0.7430659242640556
0.91568388134040113
-0.10013196947990544
0.41588540627429516
-0.23360245825424908
-0.65539089481131674
-0.30937642292556189
-0.00073824217577378448
-0.41515586963629159
0.055147645555039704
-0.062991234037555355
0.31850795788620978
-0.46765670807457371
0.34866226713576465
0.21704748888362557
-0.69051857743902068
0.77668739006700349
0.23383042739416959
0.10085504460188321
0.98229490499119043
0.1976396745059823
-0.99493762291732135
-0.95315568985098775
-0.31500576311489836
0.63338203804259274
-0.50090325693641935
-0.40905052675355713
-0.91762615363934363
-0.52261286113532857
-0.47059433137560003
0.46953452446941957
-0.36257042613000168
0.75064546044480318
-0.52034906182454388
-0.85267689817244041
-0.88950058440188906
0.8595774862261385
-0.9171863970892441
-0.62259627767959436
0.43340804308345926
-0.58462619203358246
-0.28693430744434445
0.7063222321245457
-0.065340484988568592
0.87025068880536161
0.39806031687094845
-0.80790933305765933
0.43771383885187731
-0.12475072365475381
-0.24121025634985893
0.42180120638655549
0.94452061408409871
-0.68281752880793878
0.45442495469675626
0.084663631899591474
-0.56971120441784673
0.21351623556153845
0.90443748018784698
0.54798214909115373
-0.61533632649605963
0.70864386858699602
0.78124823937771204
0.47144609511052182
-0.71216229574241385
0.41595740287840594
0.5605374532519819
0.43209224590840289
0.31095925636307953
0.41990444330196769
-0.75729262193460378
0.88689390732758067
-0.44236516262994613
0.021254543891980397
-0.90405176003205789
-0.620827645062481
0.67805555803627215
-0.86027188324429238
0.96764977020320719
-0.17453884447435311
0.24261141162630714
0.27664337737438249
0.88034003873976896
-0.22420376101503886
-0.20040140265356898
0.70914179732830718
-0.72404298695822533
-0.10789878193030759
0.90341324483719199
-0.85564172481450351
0.83174320374576716
0.41017965738376466
-0.27215033325503529
0.58707568985271807
0.10432511179869665
-0.19973432486794457
-0.64480686678764698
-0.4077677624363566
0.57834461448265917
-0.39121602962732843
-0.69417477460785282
-0.96401587616190121
0.070374984315080366
0.89465759694957048
0.12858971541710007
0.71066345971316391
-0.3264482013911929
-0.26812779514443569
-0.34521452164216931
-0.0037140633334156246
0.96568781014301519
0.73708407932103459
-0.39570324018152631
0.12888137602205857
-0.21246128338379083
-0.15861660056890614
-0.12729750402193996
0.74644974300895006
0.075828556389248056
0.099583133325393175
0.69778126570337462
-0.73795845666078519
0.028803801384696494
-0.79829513143979514
0.37148929941310949
0.95769544856052846
0.85049057466992495
0.92381659405582384
-0.73818379920214683
-0.96168228143904466
0.60836439840885093
0.0057013579670812664
0.68590568736470559
-0.61867808160310522
0.25628901331512677
0.47878991229403289
-0.071108716107489922
-0.63986428903409487
0.50972218695549398
0.034627076720179506
-0.31214577579505076
-0.53055049736544047
0.40007378971207608
-0.42171510002655677
-0.10001264191233206
-0.16276283430064231
-0.09058154425145204
0.42077300670592721
0.26726825966838197
0.69377278708562851
0.3865002130095383
-0.22223974076203989
-0.18027466031735517
-0.56962199395970536
0.025762665563152432
-0.0060657677268916022
-0.76217669703167712
0.33554905994587991
0.27266116778955851
-0.2967892416272262
-0.30050653745443867
0.89312438103050207
-0.44859196406257895
-0.13471131172716211
-0.99883835017627032
-0.925137193838664
-0.82691724031554403
-0.42729075971399
-0.9376553045295436
0.30781214372618693
0.90936408653360057
-0.41261586798942451
-0.17045916950817186
-0.64269170893481542
0.31701063239807747
-0.90360215115528653
0.063603346731329058
-0.40177011182614142
0.35931253403393204
0.92282432593536767
-0.66650540366140443
-0.93067416824897475
0.93573404752450728
-0.85216758113921043
0.014198216150607124
0.93883087390048003
0.57498345411149021
0.00073426449705582542
0.073242452495378751
0.19412031639093552
-0.65385340417449056
0.10230656578312924
-0.74503838724691351
0.057742041096902508
-0.28594102211573214
-0.34853000629159159
-0.47775667788356391
-0.23258989827362353
-0.70785009102330076
-0.56809254808728238
-0.82628683644639644
-0.98963380604499662
-0.055494778349760354
-0.048144201455995274
-1.7878272894716531
0.044824638050271363
-0.32498066091387862
0.45217778396680081
-1.325213176235615
-0.67539272229395275
-0.60144910831799792
0.67967164567909866
0.2692967331188923
-0.79198612688503911
0.66958626599091153
0.75290930947957013
-0.88497220445658908
0.69997705014843581
0.053443870154364886
0.86091164183417057
-0.69561035114707448
-0.39892153059447938
0.087685767313765123
0.27938194766217683
-0.16195913269022338
-0.43185991974497645
-0.36920417378643039
-0.13057164305329497
-0.38458922542536239
0.37121148374256407
0.42871196307520626
0.81437264283335975
-0.61220022821372166
0.5401075212493176
0.42900778835189468
-0.62620005497739972
0.77650605439685538
0.97997156983007194
-0.20388723490562197
-0.74746947754652915
-0.020858719179338518
-0.9042454667883848
-0.07132221057981103
-0.078657221431774949
-0.68345297901029212
-0.97616654696918825
-0.38494456043346309
-0.64266877998282745
-0.82179981328094454
-0.23170840454337341
0.9098229285363254
-0.0053515317326314777
-0.14291128451933144
-0.051056274209243212
0.25008624837017862
-0.62030904850442692
0.63699259781233786
-0.11545653433212621
0.40440188966515828
0.68622396937264241
0.98486032834281689
-0.15918284300040364
0.52103631894819291
-0.25039666537478072
-0.77172491624702189
0.60881647254651605
-0.15460251275481116
0.41840183245696877
0.33725433479650091
-0.4272863278045515
-0.82786601027760931
-0.22122410867951123
0.22873761668764489
0.47019548428038466
-0.37654615603685238
-0.5560356199536638
1.061717090730649
2.2650955416207945
0.18570258801380418
0.48919956560348971
-0.14347167472563532
0.57114346211614386
0.23834739993912815
0.39968104326410026
1.2463622259520202
-0.048981688502884521
-0.25963728642813133
-0.48515300858600957
-0.85447162310137348
-1.1644209770251714
-0.46914119718763947
-0.82025170166729189
-0.33595805020509767
-0.37366147278882966
0.020616960911072308
-0.39564853608834
0.58734073291843525
-0.29635787604238517
-0.10803556077988159
0.43784162380316732
-0.95057245489962772
-0.071985009162197508
0.36350394951424625
-0.20317228242184759
-0.8967057152270077
0.70791125259924947
0.1366047319967115
-0.73330873557904463
0.016961882373879942
0.57513202434112554
0.18946837868937139
-0.18827374191463614
0.68802196419645356
-0.96522396156495349
-0.93815466551839122
0.22028810039524041
-0.69017633261230882
-0.94428971109487836
0.66808892484008375
-0.85261667577162026
0.20781338048096648
0.54529441122982847
0.16431624053714208
0.85188577488764283
-0.31651401111006533
0.07159165750673091
-0.35822918551587113
0.85475794882419998
0.57870208939701162
0.9338361045565039
-0.59937683780972884
-0.48218296259540422
-0.71920932804249582
-0.75531563493293397
-0.34746596116933681
0.76449595956752137
-0.31552410953939247
0.67296331500058637
0.45701206441944275
-0.32644227022797229
0.24683543372665789
-0.032696454611517649
-0.90608521612601134
-0.16916753177855051
-0.56695284221441555
-0.089467404416814736
0.86817343688752135
0.26969841874102807
-0.14397826471551245
2.8788206951653015
2.3046064236799184
1.3915789627738782
-0.18012356043884942
-0.35932952186753681
0.70972778050873919
0.85485454519624149
-0.18202523381878702
-0.15901034035249226
-0.096748828009298835
0.17382070760554583
0.26701416473894124
-0.040291994750091903
0.10540329600616692
-0.26555926795755969
-0.58499339253053495
0.56095732982271795
0.6133412096076305
-0.32070143745271185
0.13812388150797625
0.30016795793641932
0.040200385793581248
-0.6775314787611757
0.032688961944765359
0.88981614867538239
-0.54007206846615907
-0.30755143917285205
-0.98551550541937749
-0.32179840180421937
-0.75266142859796425
0.65431062302285548
0.56770953440567529
0.62348536257377551
0.36719071920424146
-0.96980819847997246
0.21098687695909807
-0.53385775035624683
0.82683727050841904
-0.31830262869182996
0.37996907056929691
-0.19662806088419707
-0.53376472236088979
-0.015055519146873138
0.66353518863679117
-0.59546940441216045
-0.43194862427238728
-0.68754357950098155
-0.7727722240965168
-0.39040582494095305
-0.12081435333224085
0.1364704231023956
0.36836429798870718
-0.4786732843498408
-0.7950980914381488
0.38622774196901205
0.084194565457427054
0.31883274689549906
-0.089419417317041505
0.44369222306253731
0.48345825217337357
0.93642147413803722
0.073492496608614261
0.11569771207333929
-0.65626253393145839
0.289174386187734
0.0080682001666291196
0.22857154696778986
0.52618521086971737
-0.91246578068916429
-0.10904147230794894
0.089131415081401863
0.12500317404777581
0.84070765964719829
-0.36828614943332011
-1.9189869471451722
0.60795473670755074
-0.53937706139086972
0.33260890326370252
-0.48233854362612844
0.90451153389896988
-0.74937208153540469
0.72816041910722984
0.48969901122760262
-0.87317169877219025
-0.87230430375832579
-0.65285676758336741
0.4980086252921993
-0.36108527141252672
-0.67519125225314691
0.36379805147396832
-0.5922756783499129
0.016489677423910613
-0.67204025541017143
0.21261591933861348
-0.9992693038349173
-0.25833831248125422
0.90487392027601332
-0.48348346012754312
-0.93953004914936478
0.81378754402025355
0.41192330251876091
0.30722703475321567
-0.75859676466194537
-0.74546530621165896
0.48733289186314865
-0.060851613001578063
-0.96953875355226904
-0.35432529524868805
0.75488867143309446
-0.40076735432425875
0.22592645505952325
-0.69161957478782043
0.10614073892035802
-0.9068340098718386
0.73181980234281307
-0.24555437667776669
0.65208317251858172
-0.56337630190604338
-0.75948248658700113
0.28037009139127272
-0.12788847900483918
0.052525950209376705
0.096884541967816443
0.092311512749276098
0.1688764015601095
-0.75656147417889352
-0.2360490184156179
0.74242143115256376
-0.9305130960693232
-0.99538217139812368
0.49260435541525394
0.77950541048923849
-0.93334531248501718
0.58135001753721205
0.75361510884514582
-0.58517326124352664
-0.8831356981812063
0.59181259277649045
-0.69967662163280286
0.98252426806631132
-0.75753423745549942
0.17538571938126571
0.57716854376142768
0.089116057136323298
0.059895149259848346
-0.95775048525899209
-0.0015774717780882438
-1.6340355578437997
0.40631954393458747
-0.43005422187894082
-0.76889386454154529
-0.23909328780755615
-0.29115713260767589
-0.24383874786374232
-0.95748064941638289
-0.66356317522540398
-0.47945327620943468
-0.61356327471291838
-0.16886123755924071
-0.1754230542054476
-0.67994859627241699
-0.45270241445330933
-0.78334228017247476
-0.24571141583293352
0.5440322941911836
0.073856896219506349
0.66465625970825137
0.9599290005654636
-0.65624643297024543
-0.49945475140104095
0.60786708107023957
-0.18425408014388989
0.70665664511231763
0.75763428897961993
-0.090458542249288149
0.88780591505850115
-0.11429620297001578
-0.68899961470611282
-0.77872254444705669
0.20052662613306166
0.63665849777932104
-0.25453650277300305
-0.30117440162222148
0.48427810529094295
0.51331304184733695
0.088186973687690989
0.79553941638256154
-0.86085739327698108
-0.52359073070268691
0.6344086888167958
-0.8901574190738073
0.10424837570740568
0.035780686260789646
0.92934366328495377
-0.41052722756323079
0.76256400157003723
-0.30310625904634841
-0.13376375861022002
0.54543545367578905
-0.57600990249771544
-0.38198103615504225
0.193286985565994
0.62261011720354531
-0.075105395363889688
-0.92691115489745379
-0.53446367154565388
0.82932856479589223
-0.2432362858282279
0.1961432801126376
0.13061423851909129
-0.84738264378157402
-0.54045244469413833
0.68864096694674137
0.81859677352082039
0.35344226901379366
0.63417622381360539
-0.27428520898702802
0.76827058691215333
0.60683941170891709
0.96679527497235473
-0.90162355355062684
0.25848574343066932
0.24887197057198351
0.71105701649145092
-0.13087856356561112
-0.286113135184214
-0.45912938632961797
-0.65447909927669867
-0.80157692534922476
-0.90759519203919692
0.95557964311706822
0.83268951709973127
0.72202700363566485
-0.31734043048570881
0.30600396977085809
-0.64938270284299859
0.90957321501782773
0.9547600904268958
-0.62189683393663575
-0.95181700398764435
-0.11127908765863581
0.18405440784248261
0.72700746530993254
0.87876029958890767
-0.25826848356903931
0.58685875944181287
0.48206417145303648
0.24141232540896729
0.63917651010638865
-0.25312784838170177
0.44061042062966638
-0.27366802714470218
-0.20290886294232158
0.37494964775394157
-0.72441088674795395
-0.70476955534181074
0.52494074382117994
-0.54663766992587481
-0.1704016892101623
-0.80399548905156348
-0.77603337530793315
-0.91025978788279915
-0.016298107344795976
0.62660917436080488
0.67477866712714474
0.71788173062628213
-0.10572067513396999
-0.97075464109459642
0.3781246670419931
-0.77275515895930824
-0.019352858429473319
-0.119435028694307
-0.99706499185276454
-0.34991969137914469
-0.21655603275473978
0.49178820172873716
-0.65730322602079405
-0.3541773126247233
0.30261085522482678
-0.074302476399718986
0.68684032172283183
0.87421033525569847
0.023047532431337725
0.050326190446655428
-0.71428926555173899
-0.75248424045391582
-0.33334601453195611
0.99291161447433374
-0.39739300282550649
0.58146088178337596
0.0081752021835070909
-0.01096612448383405
0.31131351012538966
1.5127983438019512
-0.12694570196872954
-0.86982182581760048
-0.73394492455522997
0.18549791032955087
1.0633771422960261
-0.74116438176278299
0.95839646711428583
-0.39793314200840763
0.7985317036708105
0.89883877926856515
0.85067665363425848
-0.55857171627875446
-1.0456347559299621
0.87797606602476164
0.46116989924000457
0.20273951528351208
-0.34925496296113612
0.85464845022441249
-0.73405150397434704
-0.08706386040325928
0.65780760095851343
-0.43218510380897551
0.13900804051822224
0.57567721911273173
-0.62568244963136821
-0.72687349410329616
-0.26783642633317362
0.95441297136181391
-0.23114299502474603
-0.61768599714894379
0.57492413818612165
0.61067375063395435
0.69071515256063165
0.85375116063866008
0.33068556302199098
-0.88404928801457561
-0.66346837357663002
-0.44062945396321246
0.49096815132517158
-0.56027507836319534
0.66730584739856325
0.82185591032858962
0.65664868935351983
-0.32739451313896067
-0.99484653095937736
-0.58437931160500411
-0.82700717809249646
0.40262342624364095
-0.50920136099805857
-0.34547852869250101
0.88573710729859378
-0.12907194933658619
0.76752374562460912
-0.27077530664690713
0.20510995735599974
-0.64219998055328509
0.034529872487410518
0.27608410811280465
-0.61325699653632149
0.29960001739406505
0.99998492739278777
-0.17914669643308911
-0.089401115971267847
0.66023699895810439
-0.47108683497186599
-0.62395367059937723
0.95027571994562032
-0.61923320896172263
-0.14441402892986227
0.19195322881455892
-0.29564740382863552
-0.79353258656036696
-0.86751307634055297
-0.40185002768498379
-0.79376867124520645
-0.68283304277939405
0.28034652549789585
-0.17167339714787588
0.38785510016039715
-0.66593747849852658
0.30155011140813581
-0.79075098121108067
-0.64553861210380614
0.2202495453973532
-0.38107600686190468
-0.26193893852733963
-0.2493964700258321
0.31788367094373493
0.22424797211971503
0.43468568075200809
0.94846809559896039
-0.59794777985566661
-0.66497399735496099
-0.79343025097317543
-0.8731237518941628
-0.098447491926349495
0.42096425193406839
-0.81462528641085385
-0.80836364617960699
0.18022778964612063
0.53767994304079569
-0.96666175684270528
-0.83526195578056472
-0.17673925551434011
-0.44622657887927564
0.30452766143927712
0.44509778518467114
0.11409415449672111
-0.20344577133816
0.32451060382859342
0.36190983716487413
-0.21710702274791294
0.28690961156362182
0.67213836855820297
-0.10692537720637652
-0.28413790337934064
-0.64894773049696708
0.85372439765079156
0.94036201384866702
-0.80230422960701597
0.42969118590917965
-0.43654033049779961
0.32130182689116427
-0.83638647563587243
-0.51883781772052773
-0.67250424235710138
0.53756127205563775
-0.7286864368844248
0.10081462613344883
-0.95498606560518318
0.36638381861447544
0.0233308351707322
0.56951864975016497
-0.042461622060491533
0.25178427307483942
-0.16203365063389463
-0.27397680435049199
0.28805254180359308
-0.099504482513062875
0.88184526650320993
-0.98687910474225837
-0.31586103761375928
0.72573639253421529
-0.92025701139134219
0.54875100103614427
-0.75779884576694989
0.53626579304051858
0.067343120028890313
-0.40781260347357606
0.84549560670065493
0.6380229665143522
-0.92110514823398792
-0.2395749656667816
-0.80494866697348133
-0.44901956219646133
0.64806381037834271
-0.60032269433155783
0.53184859246567284
-0.81883190098164227
0.0066586597853612872
-0.39857576666333516
0.062700234848400704
-0.52136556781891996
0.37545816850637004
0.58488052598427998
-0.62364131380973453
-0.80935255801740691
0.77946345963490349
0.33758280488549852
-0.56654683200947331
-0.66914054363460307
0.27585899237350509
0.8707562162870337
0.45378307134554863
0.018352239866904929
-0.18968509006764978
0.64134933596539745
0.26465127489746143
0.92574549835442821
0.52168153390366645
0.63048883789707388
-0.040999262147117022
-0.680229747519004
0.29493052665839459
-0.59140794612067182
0.87577871972498422
0.92389634061786174
-0.80840752451140785
-0.36985002987545446
0.8490095705953471
0.004719335122368884
0.96610507739992113
-0.75915112707724375
0.20914457515307916
0.86884357494713904
0.93962485061009637
0.66842783133891781
0.68160758432075741
0.75045664503726028
-0.76722264372148674
0.19644542932344855
-0.42663926231984017
-0.59243555813675541
-0.34272160257339557
-0.88155570155082075
-0.62262354214797888
-0.12448262009978417
-0.090377516620968268
-0.5533816840282556
-0.61654054635043276
0.017318800565469417
0.74162035050877395
0.58291080295243813
-0.27856138966910604
0.60508931316672321
0.098709606145839013
-0.14642630198338358
-0.13067753061085852
-0.00049910923431946733
0.47385046223587046
0.039153517840589201
0.27590146449372338
-0.31993264219202067
-0.82944225989441256
0.10952179551501225
0.50627198304887222
0.15494248151226506
0.2947137486504664
0.81054964806901453
0.51162166775525986
-0.80237701292517727
-0.50170962602930602
0.92003542891604062
0.92236646968323677
0.55032929979096734
0.62764022181124146
0.59692752720013253
-0.1869571022036135
-0.45045074241183058
0.891945405931024
0.78394264555064319
0.58881016832256405
0.5841341590944864
0.27957491438518933
-0.59540530234714706
-0.33818924164794684
0.41242266396674071
-0.4341932980401349
-0.23567490235390687
-0.88270438708301135
-0.012343158550791097
-0.33998390521753757
-0.40183562114542526
-0.28715026986400372
0.67294490226207027
-0.25133142404899672
0.97766336167760992
0.41077246313978127
-0.67172916723744902
0.526853283428664
0.79806867558423822
-0.17798516595581798
-0.032499331345707469
-0.66108299018348915
-0.98238354296587971
0.62049597905350073
-0.16230405540835111
0.91754852545430021
-0.31697967099112245
-0.1226818454386001
0.92102411320161692
0.36833316549565442
0.99383983932493825
0.10412259203821253
0.58668696828950084
-0.061939575085527013
-0.27743478940437066
-0.083408367306885056
-0.4318561988955551
-0.62187089011191121
-0.10681054219193237
-0.92248679721271964
0.75594557942840634
0.52020382968719747
-0.077248731752466757
-0.3147180772986769
-0.97158971371857517
0.10632537828820179
-0.67283197344125989
-0.30586624113184691
0.52622935763124512
2.2030326643615514
-0.79223472430697761
0.5086565184228482
0.75721174174743078
0.45374087776947686
-0.23920818258307538
-0.11999073610381708
-0.18869420407255175
0.62719188703448092
-0.31806781192958916
-0.23602452150887845
-0.46191776725354655
-1.0563155894361549
-0.13029610143263978
0.86984280548776083
0.73309254731968132
-0.3556567098403367
0.6567056789361162
-0.25244042438531294
-0.97683688524062873
-0.89196631375358326
-0.16269299957526723
-0.88825301816455937
-0.10166517192836876
0.025294080386091808
0.2253285587891436
0.70357630619732525
-0.62484094046348648
-0.49754885677869459
0.7133179683140789
0.36713618063781572
-0.35770981076055525
-0.78349921463286798
-0.25092181348794923
0.37856124642182465
-0.36978299239700169
-0.90887668638591235
-0.66665342320881482
0.64069532317490085
0.81709026684319797
0.1196713063460904
-0.49875122758693835
-0.34916251652326186
0.91283089999272404
0.68022972419708017
0.14905397856565436
-0.51921854719337179
0.27545327943293912
0.7342480469921443
-0.81932974913753753
-0.74398173275438573
-0.070884999170006222
-0.35116620773352081
0.89655014933533317
0.96464923672797276
0.29742050429633909
-0.28985619760665948
-0.56768707375412886
-0.019703100738521509
0.92365534578150565
0.31693313657846456
-0.41081581711226689
-0.22898540982656068
0.71540595225224635
-0.56978732448206382
0.76271337286738827
-0.25881599092698049
0.83204945621845339
-0.66341389370525594
-0.040254395252334069
0.13762715086608271
0.63731019927063493
0.75019337457280033
0.96756663175711177
0.16453161600020777
-0.44473683515542417
-0.78615240361659644
-0.033793367111428586
-0.73520889598372563
-0.030976006375815129
0.67456158399874133
0.60432966327179449
-0.52967632504029694
-0.26397640721600829
-0.73299501546551826
-0.22756708516418744
1.0060544514868497
-0.3514122050691213
0.39794624810283524
0.23014149349005183
0.073534598859325964
-0.32958003749285125
-0.2052675429163664
-0.97403311826404237
0.18279332827611111
-0.35572512673670009
-0.9763869584148579
0.38944802279537627
-0.033507102765090752
0.87737567105786263
0.28332333557914291
-0.0062648306999003086
0.56940266461634637
0.072116376486965561
-0.54021990901611039
0.87657252314333645
-0.69172056363409784
-0.82204198931061034
0.69359783918085316
0.98013615883884275
0.29050089380147776
-0.43947011836141653
-0.02362842615369173
-0.88017671868928082
0.33639663963937899
-0.9917326043320972
0.93951615767591679
-0.940776014488243
0.36192949285404663
-0.067413722941916068
0.58104573498838263
-0.24917185543123063
-0.81600725700796306
0.63047554844319709
0.11107687430824238
-0.64343426332356646
-0.1834793252096584
0.4191948115390749
0.50539921605526605
0.93290618399279968
-0.043156170584938439
-0.14667062810689244
-0.81610663590515875
-0.18563766925102915
-0.047347002247355496
0.89578052713135359
0.54069159689963386
-0.25675020479239113
-0.18407443017887071
0.018291618595076178
-0.45560072496058018
-0.20203434955612282
0.47920839749938443
0.11306060290393263
-0.020070276698130329
1.1847778508288869
1.175623757884287
-0.44910201135751782
0.44339398188916612
-0.078208532600944014
0.72221041539374109
0.77418019786486647
-0.28659874360451193
0.68249869496292104
0.38279107755793979
0.82452853796884151
-0.55630480230156854
0.63319363146483942
0.13325482241236897
0.55237916722519265
-0.15360336187097767
0.25683757403990287
-0.20863041861103263
-0.88574625288446096
-0.36601305811645368
0.02495180273064523
0.54748950593128876
-0.094288426842839057
0.86645730322803394
-0.51391988753056916
-0.38195089812967786
0.1339796999877316
-0.23729223029914939
0.90033411554527099
-0.86814550605948848
0.065969374444235798
0.84582786077284056
-0.44720962496621042
-0.083951387193102064
-0.50539472289534404
0.34373825562738358
-0.83012409675619858
0.40301873876844324
0.73351252526559219
0.45830089130066537
-0.36161112092948539
-0.87382395692596859
0.97378494753739664
-0.39617775771585095
-0.655310295500795
-0.42059411435571536
-0.2309223799779295
-0.3167854044204273
0.66622856665070929
0.63208160167600103
0.2671216512141803
0.045013761222424301
0.93822537738599421
-0.093145882943646535
0.11697500276688373
-0.72734676582735702
-0.058034120301120894
-0.60944308913300393
0.84232529450395699
0.24228910211823843
-0.35943947787114611
-0.81716580772817093
0.8585799475190774
0.22048710823809273
-0.69783047413711941
-0.43428684425998837
0.16296445462992237
0.99169954601758625
-0.81230177880567256
0.96820366157412141
0.78897224735653781
0.636095988793416
-0.30571888448005491
4.7303931113163369
-3.1124355199518781
-6.1548936824956098
-37.818954019784016
-0.9314853481952764
-0.13196458926192237
5.9639934184039536
24.162280642892568
13.015412157048404
3.3266656236938639
-26.404827120212243
0.50188483648662385
-1.3603527398016053
3.2878311843381334
-6.465180678925063
-2.9474031317017295
-0.69076576942606982
0.94564501498640718
-2.4580256628005963
-0.13507898177644259
4.9279823590772027
-15.396463426036913
-0.12774694890024399
-0.68595035138619287
1.0830343223115053
-0.86095384280207055
0.42404684821031863
-0.4389037862570736
-0.59515209074031838
-0.58034507882224928
-0.24854708219145438
-1.00364390197345
-0.12346990914971788
1.5272512464332515
-0.52204334336641578
0.37099827890222009
-1.1610128804957278
-0.3388109739139894
1.7171523959087951
0.35491920909194091
-0.02674729111080805
-2.0589183652504524
-0.48194096272635462
0.38665114502943365
0.38994123428883126
-0.018592328841554061
1.6674276514970638
-0.042710091769221657
-0.050530047629035943
0.63911529858225835
0.10606492508818041
-0.056383612707319501
0.3783272251049849
0.058992358583201066
0.36083054625480721
0.10331664240621091
-0.085559448402026658
-0.17644356425209073
-0.033831276967478147
-0.094534885460135276
-0.22321497791270559
-0.068564470054405149
-0.88954893755839015
0.063573364759724221
0.12272849031512199
0.61965445153226062
0.022867864919866601
0.065518727947879912
0.42124850580044026
0.1356245618672266
1.4049678545966398
-0.16860656285530085
0.20292675669282986
0.36076074870856217
-0.073060085058281571
0.059912639068952452
-0.041027571071280439
0.010040516936966155
0.86560739569850476
-0.24871241103239114
-0.046297269675883587
-0.055265737384245131
0.03829790328292975
0.0010755744005809735
-0.066228566289321514
-0.030505621158819139
-0.12744417663906435
0.058358352916200812
0.026194321574088634
-0.0030124134262145591
0.055685842191386246
0.079435106759812829
-0.0011348784479410185
-0.028210238474331645
0.47046016514276479
0.0026514043957156031
-0.078391503221188596
-0.04225372068587633
0.020496002941096901
0.0065270430735115325
0.00066825525677417135
-0.0047181707084663158
-0.021637849740561797
0.052522126931098749
-0.07423039153210334
-0.22621146603963682
0.013932552695919417
-0.058435891496615412
0.030290877993057103
0.015996025986673264
-0.99946087293794472
0.11748179379148659
-0.0059924858373034398
-0.037825804457700923
0.011664213663370327
-0.05547731208581811
0.01780003094442888
0.010054763578369926
-0.34665011641139565
-0.0098335731636728894
0.011675177665581798
-0.018011813626503261
0.0048963928873677074
-0.032797573313124807
0.02657590876514692
0.01218842931499285
-0.31783405101075463
0.022165394270453782
0.0198764125387032
0.022695352153312195
0.016660063421334366
0.046997746009664498
-0.023777524242695337
-0.0055674186345984113
0.22928901438442811
0.031169054377637371
0.019540939875806965
-0.016623310521866379
0.022787423695953581
-0.052152628060934354
0.029450062917258577
0.014187607538589508
-0.47409579815923253
0.034124096967704312
-0.0062165263805138791
0.031661051032005089
-0.030639535415066591
0.089393637165203571
-0.0436621026018724
-0.01605193697413269
0.60601525870851458
-0.00091294885813701177
0.0092371697469864622
0.027400557212962216
0.061636344618123749
0.022355340987053125
-0.021382612432597967
-0.017229896212623982
0.20045458750983883
0.027006118598791314
-0.033721469558216595
-0.02132791538360759
-0.018779763054791888
-0.035891193567565975
0.0046620773357930736
0.015899875252022428
-0.14645717145562523
-0.025074130896610123
-0.027229265948936435
-0.021975211710318548
-6.9376655095122077e-05
-0.028486420444164006
0.0091201805034833976
0.0042194197905749001
-0.12774391091256415
-0.016996036750314036
0.025541391832785705
0.0069622414333574871
-0.028159699056335735
0.023014010499623563
-0.0035673748557739715
0.0028667817177508996
0.010428480780205534
0.029224890111697741
-0.028140053650409856
0.0051737273630766672
-0.021712279449913857
0.062932469445137487
-0.037244983072633728
-0.0093140764246712124
0.45028338153474762
-0.028559511862432108
-0.049005092729540678
0.0095674841282280456
0.024793927688537328
0.011966476339633455
-0.017980921394141314
-0.00019712904984278069
0.14562815748162478
-0.015299787237490337
0.0015868543773511132
0.0013995715772240481
0.0059112229774631632
-0.0030348850480920054
0.00094072609980107476
-0.00028935619250977548
-0.010817160884578514
0.0030971061443418255
-0.0081821218589820752
-0.023769746309776216
0.035915554373343012
-0.068860312706725532
0.0245368396956708
0.0060718820083772414
-0.38919078146717923
-0.012343894583246789
0.011028789420346866
-0.018459554332548433
0.0060238636164089083
-0.087645214082731557
0.03440756287138675
0.015136128489306714
-0.56814670537524925
-0.0026227472952035421
0.0031311909705774923
-0.019741913155988007
-0.028749805899408263
-0.031571547013816537
0.019782353630145605
0.0096866296470000529
-0.29018290374144262
-0.004513524393075315
0.011844688193304958
0.0049059167128060865
-0.006866585952989941
-0.019588170751050162
0.013260864813396537
0.0026007461146791934
-0.18370546958481326
0.01808261084549017
-0.0028739659203061425
-0.00048726495529386539
-5.7902772437111306e-05
0.00058381367490581676
0.0002620744094240101
-0.00059419217317528846
-0.00019588011980339098
8.3349072633229676e-05
0.0021447776829185707
0.00028090360879183524
-0.00046783482142006541
8.3961363811164549e-06
-0.00035987806625983556
0.00082545906495521944
-0.00022016602835758865
-0.00058051156429992897
0.0016673775613262512
-7.1532959472474228e-05
0.00019480814766024274
-0.000371223754493051
-0.00030232066770070188
0.0012370328437009337
0.00022378792854581094
4.1822365899845182e-07
-0.0030774793027695162
-0.00017757699960758993
-0.0014150126770995028
0.00074714561814215362
-9.5043707713433163e-05
0.00057380577499093843
-0.00081543042702172963
-0.00035426096900145179
0.0062511585660833691
-0.00011595496705698762
0.00048450495079149059
0.00014594424593094191
-0.00017322741602832079
-0.00025331455609918637
-0.00044545749190280182
-0.0011661422147957901
0.0015543739556291209
0.00052618595376650932
0.00031657864713287423
-0.00032802049939171266
-0.000541307940601616
-0.0003850759165583066
-0.00072369423000066043
-0.00064154820273921585
0.0011514005870253807
-0.00053059109813734164
0.0013873650438861551
-8.9668827977415318e-05
0.00017594942575953861
-0.00072789401841037076
0.00098326304226047621
0.00044122575500292065
0.0053045482531415746
-5.6337719449100284e-05
0.00049959277974853341
0.00041218554300339645
0.00026193010538819899
-0.00023134343336310092
0.00049374924753772559
-0.00019230879097664849
0.0051952756084116094
0.00085298780523762662
-0.00033714788218693032
0.00051858526069022766
0.00010828060394616609
-0.00045705802446620509
-0.0012192311746951211
-0.00042847457979785028
-0.00022778041211825013
-0.00033692066859732355
0.00010791468969053633
0.00017104508767137834
0.00017135684182955407
-0.00018909742818839001
0.00052671046138259316
0.00018958181325002085
0.0026374349278893258
-7.1635594605609868e-05
0.00011440248654949906
0.00017525715984407483
-0.0001281947370528169
-0.00011627916343823571
-0.0001895056831349829
-0.00048531720554247689
0.0085386648385712242
0.00024448897534636819
0.0013926935372411363
-0.00028970655009129075
-0.00011625244122064831
-0.0016250920914418806
-8.1705169016679048e-05
-0.0009440983249214245
-0.0013679055934873805
-0.00063120856640535357
0.00012638666675960299
-6.1598742613221339e-05
5.8512353368857502e-05
0.0003957912612662159
0.0009026358851041556
0.00074746276188637068
0.00080976156777632106
3.9374082508351903e-05
-6.9659383089614398e-05
6.125053231624173e-05
-0.00014470873095993579
0.00047828971300236165
-0.00032960416020054071
-0.00014235534604886465
-0.0011796699429480679
0.00031658299004396991
0.00034494981769848937
-0.00032802446750198016
-0.00026598259288133046
-0.00011820052441416197
-0.00028604776019534541
0.00036813411318134678
0.0015459235627559621
-0.00060709037560238005
4.3139178068977445e-05
-0.00012363821763433302
1.8912216487643036e-06
0.00033994835133095355
0.00079668693397761715
0.00010925175388885319
0.0049426057579414814
0.00027767477283508184
0.00063999040004095154
0.0002887777197450873
8.6854897612949916e-05
-0.00012487004469554169
-0.0004741000178111617
-0.00085109826039712639
0.005851493630238719
-0.00058090020674807133
0.00042746291998264956
0.00056122465941181913
0.00038102569681097736
-0.00042863906788922893
0.00083812908015731661
-0.00066007999094758575
0.0023072259599294883
-0.00054253872826857399
-0.00028088159115091638
8.9754648619480373e-05
-0.00011032356395429791
1.388344964548825e-05
0.00042808292179105699
-0.00061380664533121462
-0.0013281354157060421
-0.00064918220616475323
-8.7140430086370607e-05
0.00033461476804507568
0.00023307074708225719
6.068441666124046e-05
0.00082043824302825198
0.00038230903857349179
0.0027109410254815484
-9.2520329082673846e-05
0.00080076376185174772
-0.00035871042267684257
-0.00010209702240351568
0.00024547216861442244
0.00048162713136425399
-0.00013363832450673222
5.2715377406818511e-05
0.00011316148160284515
-0.00046591306981765945
0.00019163428196236685
-0.00012867065686909503
0.00051400381125029791
-0.00033256359835748522
-0.00023602897423757689
-0.0015667467436688975
-0.00039340172793836522
-0.00041964808299346226
0.00032781342541417544
5.5770247383094576e-05
-0.00012386949738289917
0.00012423861039681706
2.3656773635916815e-05
0.00043835747929780154
-5.6305242639281819e-05
9.7125415758308344e-05
5.4701430745854001e-05
3.9001202988419816e-05
-0.0005282702363548869
0.00045582679758854729
0.0002217798060718382
0.00089780024628187632
4.8342481569862274e-07
7.1017650945586971e-05
5.614125846412209e-05
-0.00010429957825149089
0.00012421645569062327
-0.0001102165835764289
-0.00022773645331099633
-0.00028416352209199646
0.00026735781382300911
0.00037721149109627965
4.1802841685008824e-05
4.571212399629742e-05
-0.00030931256661210918
-0.00030193556047576365
0.00020810117901650784
0.0006509830504503345
-3.2691676494366821e-05
0.0003992377526381284
0.00017635327841241955
5.8345944839664804e-05
-0.00029680742236812854
-8.3108867670136956e-05
-0.00015075999677841023
0.0035613627467402805
-0.00025599342472794291
0.00038106459192811749
-8.7585081799456744e-05
-7.1996103402382614e-06
0.00018727128990153404
0.00058045525384120718
-0.00045536790017231232
-0.00017825768970906091
0.00020897205456207738
0.00014129611666717292
-0.00027405965399961667
-0.00019427226859066856
-0.00015879203387477269
-0.00024266973060283966
4.8816139111705392e-05
-0.0015318660403279597
0.00040470356009630345
0.00031962340690982793
-0.00016225497319789859
-0.00015049853902354124
-0.00030631226613394717
-0.00059590979185388741
0.00022071586033535403
0.0011013383044392974
0.00012374011960527493
-0.0001104160851741546
0.00034370850756059243
9.9443593643189039e-05
-6.0764910158332696e-05
-0.00037741219620778123
-0.00029281835409568005
-6.1208424661324254e-05
9.6331944291655526e-05
0.00013904225716752024
-4.2527948488597072e-05
-5.310025991135183e-05
-0.00018269128527528719
-0.0002425553569368173
-5.8388628788174229e-05
-0.00048519924321543484
0.00014018806727084568
-9.3495936926024054e-05
5.9025836339995385e-05
-9.808878337923896e-05
-4.5565003076240002e-05
-0.0002947942354339168
-0.00015110022685682701
0.00070044306132652852
8.1892204749204375e-05
-3.7954494374313695e-07
5.7818052554541666e-05
-2.4660636207606604e-05
0.00011758428805757035
-9.8491065920348379e-05
-8.9069832543647423e-05
0.00074702336550968836
-5.002641680293237e-05
0.00014608657644952605
-0.00014277993896281833
-0.00010645643149191179
9.4465138953654651e-05
0.00010617660756904519
-0.00014907726483289808
-0.00017109784452166887
-9.997164793368958e-05
3.3921589184081829e-05
-6.8063147009278423e-05
-4.99139292103321e-05
0.00021987747499070125
0.0001732870112784196
5.984203094614429e-06
0.00052473065230564803
-0.00016757213714304649
-0.00010475469891978292
4.1423415727733711e-05
1.1929796747576745e-05
3.0721867304728774e-05
0.00021346544374841364
-3.9244187757388005e-05
-0.00017142485113780446
8.2758277416523898e-07
-0.0002160655918718318
0.00013757930950372037
4.0582862088812723e-05
0.00018215877153200831
-6.2426446546892713e-05
3.3299610575290212e-05
0.00030310265203966626
-2.1879367607388559e-05
3.6209815805564851e-05
2.0466869667673657e-05
-1.0574496880578238e-05
2.9401439718920129e-06
3.5462328490900346e-06
-5.9530742297851002e-05
0.00053759564755370844
-3.5095104080100707e-05
-5.0919015778571495e-05
8.6724975108897767e-05
2.7276992829780107e-05
-8.0148148911158123e-05
2.3626240742140006e-05
-9.0603725304999152e-05
-0.00022078471855336234
3.5048394574618631e-06
-4.8379830224985025e-05
3.3724372417021962e-05
-1.7380721059565116e-06
2.1815892802733362e-05
-2.1050800189629757e-05
-1.8832918675250176e-06
6.1762052107869068e-05
-7.1240784428822022e-06
2.3040846473337905e-05
-2.1619883475345438e-06
-3.9825570763777567e-06
1.7042301863107153e-05
-3.2012138224802506e-06
-2.0390014383760621e-05
0
0
0
0
0
0
0
0
