CNET_BTN 5
8 8 64 64 0.80000000000000004
INPUTS 1
PORT_IN binary_msb 8 1 byte_value
OUTPUTS 2
PORT_OUT binary_msb 4 1 nibble_value
PORT_OUT binary_msb 4 1 nibble_value
2.2204941981925916
2.22614597715457
-2.2969442934514404
-2.1911009007139093
2.2015058328675408
-2.1918802704519798
-2.195755756667241
3.5115808031073019
-15.095795223973264
-17.058136495789778
-3.2955048507625282
-15.436656527955371
-3.079869157815045
-2.9532955843398407
-1.0423583810781125
-4.470998760759791
0.70078288570585601
0.086404110994636713
0.78924026175534701
0.97386434672770161
-0.63164424570301247
-0.95536117633148099
-0.30164542594556826
-0.50085697034997489
0.85658174436035661
0.29024233994585452
0.70345008567764966
0.53254753928769849
-0.66179805812055092
-0.35795588507469545
0.55259906218705079
-0.95309264596913112
0.015889631860825076
0.13114479651837316
0.4115684067868367
-0.24059646044587929
-0.052475992887267259
-0.52598951183354004
0.034891212043664015
0.61350172131497749
-0.47774888652024039
-0.6844034935608555
0.54832971831516719
0.61401981909686509
0.063953523850200117
0.075416971440394762
-0.89287686993989102
-0.76263969570895951
0.52042904453483352
-0.39087787952401398
-0.5188084564590062
0.97474030866943817
0.23933152471543442
-0.4270855531083857
0.070176243193697585
0.43663739025274684
0.40921691529956855
0.96640326906466756
0.99756771984882964
0.78838752374597876
0.082714474206404459
-0.54364920037975184
0.016099781817561928
0.73681759071919017
0.008848480505058532
-0.3693716479144486
0.74657076893999719
-0.61845345501244076
0.81253515594171555
-0.70755698028613101
0.97816429435834029
-0.8973750394515112
8.0584532200763161e-07
6.7770215786348368e-05
-2.213215297095199e-05
-2.2461914010314897e-05
-0.00017706003269706908
-13.963369271111672
0.00010175949412061306
0.0012723125116039305
-0.34996851689398184
0.038631403103880017
0.52542213209355781
0.51978486480867747
0.3786677065387628
-0.073470094286013185
0.066541521052109281
0.57308954098853582
-0.25099353669551511
-0.59597656543931532
0.44643416325574192
-0.51859575623767595
-0.18620975817085206
-0.227104920239035
0.42962513029189037
-0.90039504392837744
0.85821479051744143
0.5574219104176632
-0.80788247676375424
0.09117830186394188
0.77902835658463165
0.57445064324935957
-0.083796260124362809
-0.27757115215339678
0.61210817589509126
-0.86443527011918708
-0.054651414258186544
-0.92891193612550338
-0.94973143580549524
-0.65688970798227231
-0.71127136426900794
-0.56275533967812075
0.68968953793830634
0.32108832689756428
-0.17555436345891318
-0.29298374103034441
-0.97326834050021094
-0.88015993274098525
0.20828598775986501
-0.39742353658524826
-0.27778223610655178
-0.79416174125228933
0.094399659483901679
-0.31148345670094629
-0.96149339761771524
0.56450558671963502
-0.3560204728148148
-0.99474231026571169
-0.74939637363427825
-0.13432591381945419
-0.024191426407467971
0.67155644986131735
-0.12682522765678725
0.88225933663012723
0.49803435425159981
0.97021534413875132
9.5034045853641364e-06
-9.0260290427495794e-05
-1.708299010343397e-05
1.7531004336790813e-05
-14.104054922333187
-8.1261014167189604e-05
0.00082707213035896092
-0.00052723001027457856
0.28654103613985554
-0.030996864483610668
0.68855598168095478
-0.078067686953101248
0.0063876243269160088
-0.097508835546292069
0.24446468555755707
-0.41034264879129934
0.30663555600254366
-0.26282028592372408
-0.82256851202372749
0.86798342439212284
0.41087795527140103
0.75545353193052811
0.42198443326359381
-0.69736903209559886
-0.74379710248072806
0.26863094930818959
0.95201273990418167
-0.3514128074647726
0.9808386850834635
-0.54541748812253765
-0.50176031809838084
0.3384541006673879
-0.5093697686175247
0.8512887587856004
0.52365187704434513
-0.87149585773753513
0.57790895434449641
0.18453016319249166
-0.24177905651416573
0.92358369752762559
0.0045220272086472077
-0.120340701914274
0.59224675901545232
-0.56912856276518375
-0.16438685740791018
0.29592451451476737
-0.73274932032017248
0.81870273402322058
-0.74691402779641658
-0.85738147763564565
0.062936541314782643
0.64185324489493722
-0.67826530105308225
0.4148731064189089
0.47836758546892666
-0.3200192547827902
-0.17067465884536126
0.46870725326196572
-0.32580897700659195
0.73654149427565163
-0.066771769433983177
0.45512880695076385
-0.082328726069636635
0.42747862655689284
9.0749777937219811
-8.9894506244292101e-07
10.513019513363485
9.6471593974840246
-0.00017270786188362168
-9.0580171026145875e-06
8.0174379264882258
7.2650220238409924
-0.47205642572295103
-1.0924847938871236
0.54836631710495964
-0.004814637261890819
1.1615614030461439
-1.0880647164685309
0.57960887707840603
-0.36767398289118192
-1.0551687035792676
-0.050282601761092546
0.57735463978784574
-0.82843475784580334
0.039354251322395284
-0.33979832915964769
0.020629804344173518
-0.01627390653410515
0.24520208878236796
0.76592561311445251
-0.67510602444217827
0.68851328279552493
0.99833144281060449
0.15103386585648168
-0.96657371904050637
0.92206524976601401
0.29751948327270816
-0.90912947666815869
-0.25562393313213017
0.45209520845696149
-0.032733275156794209
-0.61406828446486894
0.29551802928437754
-0.92888497084658928
0.48211784349167253
-0.012468435909066664
0.16540750779690236
0.085656378045768936
-0.95666922510007002
-0.34616240015654276
-0.44419096219095211
0.52632682443207057
0.28542969286907605
0.72285499935089603
-0.99336038998199871
0.84465087971262187
0.90453187082775521
-0.81981179955845773
0.46349537161618964
0.24157218975096781
0.8126048740572509
0.069557446412195995
0.98496745244237727
-0.34550351314245031
0.56043071650631604
-0.81840091561085226
-0.018798235648724515
-0.18546327533990326
11.973703899991269
-3.8610317782375268e-05
-4.3478455863897005e-06
5.5689456205206286e-07
2.0273078779661882e-05
3.0757327129088809e-06
0.00025990142862886579
0.00099539985790152315
0.19469474579810295
-0.0014463294529997728
-0.64384630876998694
-0.11940255139928477
0.13254550669261445
0.068572930414165553
0.50078623146783163
-0.52875707092221402
-0.31474061606087267
-0.21499509921773455
-0.010134854225486477
-0.88357359514916134
-0.78830800336577633
0.061483327945885936
0.086965997359984018
0.41251524534182166
-0.61004093139551008
0.99176451866818394
0.037190421991945471
-0.57073184883409867
0.91595249950725754
-0.03287261755349212
-0.92390085929550225
0.12157599777965343
0.48710393178715344
0.38740431290321381
-0.96252538585931779
-0.4809862970664473
0.14765763443947488
-0.83213094651695585
-0.98058131379271074
0.087340107184689944
-0.14596597818830825
-0.32954283282080449
0.25731809423716417
-0.86207766867045832
0.83487232965580283
0.43174656998490224
-0.28732256094902298
0.018867061112304094
-0.6049988680169992
0.29931369683473269
-0.54072936767410051
-0.59525793926743331
-0.43375932137932011
-0.73667563511388312
0.78542243110366117
-0.89537194344082705
0.62857066242833504
-0.69934883234633805
-0.83173661200771387
0.027023865081500977
0.62784758775376859
0.25347268241010229
0.27543689636086077
0.40986440067996105
2.2050350046906196e-05
-0.00015732377876969168
-13.473338993242844
-7.4068675420921135e-06
-0.00010857441945565728
4.6731166489542415e-06
-0.00040137236161017203
0.001563028049164112
-0.35461844091746109
0.022320070511559261
0.86363615404772409
-0.12831494864325968
0.18412645940111561
0.089207682224306223
0.63831320337623276
1.0427675373507361
-0.12404616218219323
0.14204240108366978
0.51085324123676823
0.97146165317180111
0.092677038313530441
-0.72176301313642477
0.019478245899184662
0.86466640524913818
0.66115230130807867
-0.25820203095924771
-0.69302470119095949
-0.92016098271328539
-0.29238372680261937
-0.083017595328101504
0.13508242232451778
0.019561522092078606
-0.61479887004948663
-0.1346956201686457
-0.56629607630210177
-0.35186359999753603
0.76914541250000801
-0.37776880270128205
-0.49860105425998225
0.094431618141586668
-0.076756286162118895
-0.90356623338414532
0.58512746023010287
0.56790810352110743
-0.89461448739998339
0.82690295301113459
0.40644646383459498
-0.73273986576267514
0.671762728579681
0.046516079828655715
-0.97593259894091589
0.58573606820461255
0.54300439381300947
0.87664713739108502
-0.63997454278012855
0.38978120016162965
0.030955831988707595
-0.96170010611287693
-0.56992546823286139
-0.98952367875844671
-0.78604325735875946
0.53899252344544613
-0.46111379576704825
-0.6064331917019945
1.1979412840781052e-05
-5.1396665568587156e-05
-3.4237180422952929e-05
12.327182060170781
-0.00011753481246343858
-0.00012812677283263006
-0.00093610464293592086
-1.9744371635885207
-0.12121530547631566
0.048195191211500323
-0.041948602259805789
0.72278426934435125
0.57933247612064809
0.7602699047380127
0.89192100958102893
-0.12927844789694379
-0.12007817852932459
0.14857868976955788
0.41138239790373049
0.26068475836974392
-0.26756609511521584
-0.76095978576107937
0.31001796982296315
0.58758115291364044
-0.21047732566657901
0.81009717896450562
0.35354467672024464
-0.17875118214913666
0.40050512620866852
0.91095662946015898
-0.017885460489590214
-0.61033334090043068
-0.66615141754294194
0.70091438824854446
0.27036468321999824
0.7667132899452147
-0.48938131497387216
-0.99913019812890846
-0.64139750219285996
0.14588283992464493
0.59421817842498925
0.22591151062187551
-0.31238112476271479
0.69504134353836344
-0.4770638530510396
-0.37185071245170587
0.79640342821008936
-0.90484386176265819
-0.64293117582944126
0.16077259105438763
0.41614078981545743
0.81096038634589152
0.89917613483598913
0.96861327440907363
-0.45267713028540929
0.6982448913578656
-0.16821211453745841
-0.19067248039269291
-0.0057014734640948367
0.28551426236460342
0.30698376704127928
-0.43988310116459395
-0.20584320563656819
0.10548618236344079
6.3193310937954654e-06
13.728568764166063
-2.8781741763498424e-05
-1.2594114479338366e-05
-0.00015685941603709166
3.3656288807820694e-05
0.0042793295014011004
-3.9002436823652713e-05
0.51475735381757426
0.9529306582626399
0.66462276868638637
0.78013222843835672
-0.57035569418761933
-0.26560983726563736
0.94648942151132476
-0.62667824230871283
0.51035589267148795
0.61547167859094831
0.38683468855973707
-0.70233369133272716
0.55844557801347661
0.31565939372549162
-0.46808289935603359
-0.56788081761925069
-0.15765108986987472
0.32422484455334233
-0.85388542452154159
0.39484595829696534
0.15828038476376854
-0.60155743310403076
0.88249068332165859
0.24858744624532417
0.090409740046828793
-0.55174538179959609
0.098589507578332611
0.82880937687324263
0.73321022627298427
-0.35670900172154868
0.1668480368160343
0.35170281285381239
-0.56766477090299217
0.42993018273770589
0.81071235054709812
0.31134410658055384
0.50592230651107117
-0.58582013648020437
0.67172115308373592
0.092387100629891764
0.36504695014168137
0.71594229285309463
-0.47849327676615555
-0.30157361897558471
0.13130212353110865
-0.8994936833358832
0.37651111386115332
0.43643204125195034
0.19283816859818551
0.35516055016624526
-0.24539358068245029
0.37071540071123732
0.77751226375221338
0.43954120921746825
0.28376316687901976
-0.3228993205890624
6.6207831246425139e-06
8.2497162792635397
-4.9313958411859783e-06
1.7075216386182605e-05
8.4836444853679502
8.3132084094019092
-5.9466423423791364
0.0010438289669554607
-0.099988965568239455
1.4339971938105893
0.1354891768987499
-0.76166780855754002
-0.78112762143013914
0.53809182347777729
0.2304330754929842
-0.12632457775269498
0.48340296756523393
-0.9209049926635493
0.68220017396897048
-0.45918848331837292
0.78321543251832448
0.57289443121073302
0.37266413736618081
0.47414492826625049
-0.65682223035074638
0.43283737053882115
-0.27863129283493637
-0.54356364163890802
-0.36070745740284132
0.67838713227690384
0.89290166814229255
0.0075234931162884867
-0.085713271609383815
-0.49093103094858304
-0.79973704786292477
0.43558303143743243
0.74433566844256516
0.16776535908148707
0.91461282928539134
0.21903056810687868
0.99673648231506484
0.13762078666489014
0.27201586000812561
-0.46881330597578752
0.13852984864224341
-0.55410481599338246
0.42048120381847509
-0.097972099573164842
-0.038513471684951416
0.94412498710441894
0.22977357778050311
-0.53838986116145504
-0.12040248246613042
-0.29637953151577817
-0.80053027307891622
-0.42980853310197642
0.7559188405108106
-0.72639094773392077
0.28067412854446783
-0.9143189292922751
0.62029352508440083
-0.032672856938580651
-0.065906687627650812
0.94113620508821771
0.00042574279488231395
0.00076049907285131286
-0.0016754944796935531
104.11226027167992
-4.2019500937426936e-06
-6.5179901175561446e-06
-0.00039458973394079322
-0.0032322598818785727
0.0010068333728960198
0.0014078860289831172
-0.001647298215335528
0.00013599498252535273
-0.00015105714262824262
5.7705119123115374e-05
127.27498097963939
11.214854044210515
0.00026115712019122945
0.00040422498550735764
0.00025942673694603538
-1.6184582977598763e-06
-123.02829023022775
-1.7968427198421011e-05
7.530562594142136e-05
0.0052006981129342046
0.0061443382938035918
0.0057282379232142843
1.1899139322786536
-0.068396040472049113
0.063939739033010728
102.80836739901265
-0.0061455671943582632
3.6440037371168956
0.00056902886091151836
-100.14169334212407
8.4165075607048689e-05
-2.3495658076020937e-05
4.3131427611587013e-05
5.7306583002941432e-05
-0.00016510625151024404
-0.001010216947282927
-88.638553946969893
1.771368082517009e-05
0.00031191736574838399
-3.3341699009759382e-05
5.9266883384650421e-05
-5.3275395529758943e-05
0.00045356366251831227
0.014672867106604964
-0.028295135468676111
-0.031599034090301986
-0.05644816300901645
0.004291487367274519
-0.0038381658165295564
0.00030294276020298661
0.020712416018308869
-19.255730750022327
0.022184675926137504
0.021022977447747559
4.7657710216824816
-0.27390944042383453
0.25604109702304906
-0.33723487460439516
-0.021716180880142988
14.646734488137596
-0.01701402258169285
-0.025779857739626939
0.044577910033448076
-0.001669426830876656
-0.0026985209439662899
-0.0010074388335303021
0.013631522711604767
-0.13912661840200991
0.0022212845941210185
0.0021478963714277439
-0.010676632183687583
0.0011287883788024746
-0.00083975163826581121
8.7548775720965581e-05
-0.019730035878306167
-1.6614346157684043
0.0016624614423075754
-0.0041726148388564459
-3.0930414738742207e-05
-0.00023568934166864132
-0.0010458268664614472
-0.00029828405351417422
-0.0029445328533638008
-0.018510414224696924
-0.0086522787327871654
-0.0057921002717971235
0.011455627457264611
-0.0010759915675950876
0.0012971002883750489
-0.00071724684387221987
0.003063671205445896
0.091005368432260758
-0.00096454925493538355
-0.0015563760145131072
-0.0014796851503150114
-0.0003018971917043305
0.0002390006469825795
0.00021145659984607323
0.0043755960234583514
0.21939778664271228
0.010734321300959408
0.0093115454730636846
-0.0288457875190819
0.0020710320228919631
-0.0019962361506587734
-0.00081121966222537595
-0.010450902933586583
-0.36895948624134622
0.0003130821674924527
-0.0043647745796966762
0.0044243309263780374
-5.4149470587862426e-05
-0.0010900851638575594
0.00014623361619280276
-0.0039883525327522569
0.020385305344320963
-0.0028984053920087412
-0.0025893130664227169
0.016971657818663669
-0.00050045235464508974
-0.0013665987810801785
-0.00030633547060857655
0.0014640494755455123
-0.035092653687825069
0.0088824579783179005
0.010394510065893817
-0.0021453815256600277
-0.0010143204013814393
0.00060438484177791334
0.00032990907539929361
-0.0085858154296116103
-0.039594805343663532
-0.011291669876993432
-0.0023910211214225683
0.011680750507769412
-0.00081418364893855362
0.00038185870807435143
-0.00014089458428202792
0.011656132512079647
0.10102384889695111
0.0024619086302256929
0.010451018557270599
-0.0014076304441676657
-0.00045929445834959017
-0.00033738633315883045
-5.6667827359972408e-05
-0.0012113385321084445
0.023869926111110214
-0.00041291093667619917
-0.00014539934060699421
0.0030750847232126647
-0.00015321034880178932
0.00021377245361529616
-6.628283241182423e-05
0.00078247160533965381
0.00081344847329633315
0.003164154232188562
0.00080149491530765826
-0.0083708069459645408
0.00094936787575140781
-0.00050190831049096109
0.00027684213699535383
-0.0013196671708126109
-0.011976333670340383
-0.00012139905384356663
-0.0012854481983479384
-0.007429078811584955
-4.2385422472574178e-05
0.00041448231258378398
0.00047611553093937948
-6.7883046216739637e-05
0.031404953788388805
-0.012276313030035031
-0.01143715871411511
-0.0095055244698762798
5.3933856531432911e-05
-0.0028683552924634371
-0.00075756974275215485
0.011924734886458139
0.067516345445123985
-0.00026915377544211829
-2.4130948331798289e-06
0.0042130949975153981
-0.00020961928762087175
-7.5358381037461667e-05
-5.8007905339329358e-05
0.00046862129332432036
0.0094198247972692196
-0.0030845275584806282
-0.0033646112981756552
0.001468437398972562
-0.00041478269589675839
0.00067859610631691302
0.00031339342876085622
0.0018566667070266415
0.0064632447072742591
-0.0024814856061591436
-0.0020864066754368023
0.0076323682967631536
-8.642051162999712e-05
0.00043569570099756452
0.00077079640430533598
0.0013655773911781207
-0.016808177261943898
0.00027183543185962321
0.00020874242779066901
0.0062872956801228825
-0.00031506562541183057
0.00025238259940953031
5.7638099464389808e-05
0.00074218539789494174
0.010891415551072607
-0.0018537155785889018
-0.0026149565136334451
0.0051288370024500417
-0.00082647247801622911
0.00043781610859987573
0.00037206946385407401
-0.0020509818091849798
0.021618703852514017
0.0032859608527652561
0.0013114031393851545
-0.0032135089559492572
0.00018498126279193545
0.00012861742567153823
-0.00019441365242972388
-0.0026451868826209536
0.0055309424768696753
-0.00040903665760838836
-0.00068494294894475515
0.0045251729182417969
-0.00024865884632471877
-0.00040519997818750183
-0.00016788777081181764
0.00079077560910803112
0.0031086709789739102
-0.0027622591083934396
-0.0034763538360507141
0.0043454524184137
-0.00055414862708179293
0.00020976359291714528
-0.00010681012667372606
-0.00068879043422523931
0.011751760690670804
0.0032198102481196577
0.0064013587272751553
-0.013130869524604039
0.00074713862890758091
-0.002435451007492968
-0.00069886974072568757
-0.0022480176029400249
-0.054600080124798889
-0.00077640619104575451
0.00062414615491203091
0.0066483144556017462
3.1495322625876727e-05
0.00055948100442877648
0.00039559620846783789
0.00016681003749564717
-0.012066858440663072
-0.0023177430339433617
-0.0023483041962582638
-0.0061761581875813317
4.0608816851877969e-05
-0.00014959270818157427
-0.00044842283266622723
0.00019108586603425892
0.032467839221782979
-0.001380365552381996
-0.0031049511381722452
0.001651010459598817
-0.00013498269604575973
0.00036192890422397962
-0.00019672970117207427
0.00049270983080500772
0.022857798834902219
0.00063031506368497212
0.00079549458896243947
-0.0015164508154737236
0.00024187139872853237
-1.5260832209839465e-05
-0.00011124156356312922
-0.00015213740930650348
-0.023452356331230242
-0.00039163547465105743
0.0021266898840627299
0.0043496741575867887
-0.00019388324055036107
0.0007015460037623684
-0.00011613861598318844
-0.0025679826697538825
0.010064970641909504
-7.2811437557362933e-05
-0.0043593479787840794
0.0076390267143650152
-0.00058216526002470396
0.00021638377678556727
0.0012954016429006961
-0.0016885727645745414
0.015194085265790516
0.00089547900645211068
0.0022748514424218596
-0.0038614331795352686
3.3618232566374411e-05
0.00023753679090372248
-0.00034643146669939508
0.0011496449796978645
-0.017855799617856723
-0.0013545063039041155
-0.0048958349106327376
0.0074333328941428118
-0.00034910313356448648
0.0010928924018373356
0.00016795757296817192
0.0018953647636414403
-0.057800564048817248
-0.00037884717874893327
0.0013310946015402825
0.0086973343832438335
-0.00039498581358071309
0.0011763482531744528
4.6338199586107775e-05
-0.007447007601897624
-0.038565998927078446
6.9940959648609639e-05
0.0035842830929440619
-0.012554549792744318
0.00071521484092312404
-1.2076322407278952e-05
-6.9177972586859768e-05
-0.0031063831935171466
-0.0066976488825523832
0.0021986838244502753
-0.0022938793100889163
-0.014426166881589311
0.00055758290993570365
-0.0006373817168022416
4.4668241767493259e-05
0.00031114819281207509
0.0027642673359767494
-0.0025648415652998928
-0.0001605217752756678
0.0035886566647491723
-0.00054708688309980499
-4.1940196624688368e-05
-0.00071086280429420734
-3.3516819403120472e-05
0.00027145005061886393
0.00045272234966424631
0.0013749962941547011
-0.0014740942912109711
0.00016284899243564717
5.2873158744749422e-05
7.3073052408983384e-06
-0.0016484944804418223
0.0040118424701067043
-0.001787875464889789
-0.0010889548549960757
0.0105394573301339
-0.00047839026367121798
4.4295173706157106e-06
0.00022149740348493505
-0.00031838976214976922
0.013652886939386107
0.0024321122212361437
0.0015770421251504248
0.0027881211850784445
0.00014651433462963172
-0.00057419325432953277
0.00010217246412592595
0.00010534820754425939
0.017744988587888835
0.0029858032229760699
0.0027287420662376635
0.0098718839288757625
-0.00045643168072443681
0.00018003326926320588
-4.0021746090798228e-05
-0.0018732250288858673
-0.0080368111999302248
0.0011357464025635005
0.0020144187507423728
-0.0019972175571560322
0.00047026656725068983
-0.00047638640620309062
0.00017460153897400175
0.00010461581695648713
-0.0002027927952179621
0.0014238260051389218
0.0026383387157327565
0.0018052089559080242
-0.00033463381487801953
0.00042872047220688617
-1.2918297567740529e-05
-0.001377266790381558
-0.0036271456543844382
0.0005677770971707235
-2.4983436186041223e-05
0.0034651778325335068
0.00028197760530877911
-0.00017095694607550645
-0.00062493204615823492
0.00091352298706676453
-0.00054827266214348136
0.0012154914889245068
0.0005756583234219272
-0.00043409945978887084
-0.00017741093040703838
-0.00028373441446389328
0.00031340924231306106
0.00024778483389675278
0.0040767047271946808
-0.00096086568869160622
-0.00066156718832891036
-0.0038104072405663186
1.5962400858551743e-05
-0.00045333492558111772
8.3420739687783027e-05
0.0015860430348734063
0.035409416159541185
-9.5460516826620641e-05
-0.00069192509566463531
-0.00017667885391731313
5.3260598393263903e-05
-6.1756781813018238e-05
-6.3852737284855073e-05
-0.00017420674949786052
0.0062445987107889213
-0.0025374613168288101
-0.0018122986988803973
0.0026721028275189743
-1.8099258607581781e-05
0.00019078442326518608
3.3796577377343682e-05
-0.00082996857150684331
0.02012130478582819
0.0029750496093202067
0.0004670473881888778
-0.0018894341543776194
0.00042681373245545952
0.0003221283794350399
0.00041984147457301029
-0.0014844994228756165
-0.02460338390439918
-0.00021293724357100024
0.00059048988481634642
-0.0021621895083466635
0.00031921318598874062
-0.00083555567919720106
-0.00011980048357166002
-0.0022854701246133981
0.026276684660991343
-0.0022600645100378097
0.0017779639423486575
-0.0026086306360040092
1.1244518468193612e-05
-0.00022433716275025575
-0.00015947232130866801
0.0011015663065852045
0.0019177554059890127
0.00074726312159074265
0.0014328164642807288
0.0020474654211024394
-0.00031376182729548339
-0.0010625118014384826
-8.2667031928359777e-05
-0.00051296757065829853
0.0019020596215049547
0.0012902578713143069
-0.0009098740964448163
0.0024921229379229722
-4.4430916447505233e-06
-8.5389370236683385e-05
6.8507251750603396e-05
2.5632524569722954e-05
0.0032360587591782172
0.0028720140800670242
0.0025832887492076499
0.0012075145202616244
-0.00011016382143669514
0.00015288746378284615
-0.00034458006660493807
-4.6389549577601891e-06
0.0063739427382725807
-0.00039707757247267188
-0.00082018621795363407
0.0085146969202767094
-0.00045261811177452216
9.6775299112224783e-05
8.5132566265547769e-05
0.0004740278404775205
-0.017960623320205496
0.00034281936134707342
-0.001443062993438878
0.011775847358360866
-0.00063801944893262575
-0.00014391050392131805
0.00018376959942122465
0.0017908895459677542
-0.02537739398334312
0.0004508396446182748
0.0019407815918315772
-0.0021783749786242809
0.0002972440087544819
-0.00020491341486895856
0.00013454548382061177
0.00041825804820751753
0.01154290178349573
