CNET_CONTRACT 2
split
INPUTS 1
PORT_IN binary_msb 8 1 byte_value
OUTPUTS 2
PORT_OUT binary_msb 4 1 nibble_value
PORT_OUT binary_msb 4 1 nibble_value
EXEMPLARS 256
0 0 0 0 0 0 0 0 0 0 0 0 0 0 0 0
0 0 0 0 0 0 0 1 0 0 0 0 0 0 0 1
0 0 0 0 0 0 1 0 0 0 0 0 0 0 1 0
0 0 0 0 0 0 1 1 0 0 0 0 0 0 1 1
0 0 0 0 0 1 0 0 0 0 0 0 0 1 0 0
0 0 0 0 0 1 0 1 0 0 0 0 0 1 0 1
0 0 0 0 0 1 1 0 0 0 0 0 0 1 1 0
0 0 0 0 0 1 1 1 0 0 0 0 0 1 1 1
0 0 0 0 1 0 0 0 0 0 0 0 1 0 0 0
0 0 0 0 1 0 0 1 0 0 0 0 1 0 0 1
0 0 0 0 1 0 1 0 0 0 0 0 1 0 1 0
0 0 0 0 1 0 1 1 0 0 0 0 1 0 1 1
0 0 0 0 1 1 0 0 0 0 0 0 1 1 0 0
0 0 0 0 1 1 0 1 0 0 0 0 1 1 0 1
0 0 0 0 1 1 1 0 0 0 0 0 1 1 1 0
0 0 0 0 1 1 1 1 0 0 0 0 1 1 1 1
0 0 0 1 0 0 0 0 0 0 0 1 0 0 0 0
0 0 0 1 0 0 0 1 0 0 0 1 0 0 0 1
0 0 0 1 0 0 1 0 0 0 0 1 0 0 1 0
0 0 0 1 0 0 1 1 0 0 0 1 0 0 1 1
0 0 0 1 0 1 0 0 0 0 0 1 0 1 0 0
0 0 0 1 0 1 0 1 0 0 0 1 0 1 0 1
0 0 0 1 0 1 1 0 0 0 0 1 0 1 1 0
0 0 0 1 0 1 1 1 0 0 0 1 0 1 1 1
0 0 0 1 1 0 0 0 0 0 0 1 1 0 0 0
0 0 0 1 1 0 0 1 0 0 0 1 1 0 0 1
0 0 0 1 1 0 1 0 0 0 0 1 1 0 1 0
0 0 0 1 1 0 1 1 0 0 0 1 1 0 1 1
0 0 0 1 1 1 0 0 0 0 0 1 1 1 0 0
0 0 0 1 1 1 0 1 0 0 0 1 1 1 0 1
0 0 0 1 1 1 1 0 0 0 0 1 1 1 1 0
0 0 0 1 1 1 1 1 0 0 0 1 1 1 1 1
0 0 1 0 0 0 0 0 0 0 1 0 0 0 0 0
0 0 1 0 0 0 0 1 0 0 1 0 0 0 0 1
0 0 1 0 0 0 1 0 0 0 1 0 0 0 1 0
0 0 1 0 0 0 1 1 0 0 1 0 0 0 1 1
0 0 1 0 0 1 0 0 0 0 1 0 0 1 0 0
0 0 1 0 0 1 0 1 0 0 1 0 0 1 0 1
0 0 1 0 0 1 1 0 0 0 1 0 0 1 1 0
0 0 1 0 0 1 1 1 0 0 1 0 0 1 1 1
0 0 1 0 1 0 0 0 0 0 1 0 1 0 0 0
0 0 1 0 1 0 0 1 0 0 1 0 1 0 0 1
0 0 1 0 1 0 1 0 0 0 1 0 1 0 1 0
0 0 1 0 1 0 1 1 0 0 1 0 1 0 1 1
0 0 1 0 1 1 0 0 0 0 1 0 1 1 0 0
0 0 1 0 1 1 0 1 0 0 1 0 1 1 0 1
0 0 1 0 1 1 1 0 0 0 1 0 1 1 1 0
0 0 1 0 1 1 1 1 0 0 1 0 1 1 1 1
0 0 1 1 0 0 0 0 0 0 1 1 0 0 0 0
0 0 1 1 0 0 0 1 0 0 1 1 0 0 0 1
0 0 1 1 0 0 1 0 0 0 1 1 0 0 1 0
0 0 1 1 0 0 1 1 0 0 1 1 0 0 1 1
0 0 1 1 0 1 0 0 0 0 1 1 0 1 0 0
0 0 1 1 0 1 0 1 0 0 1 1 0 1 0 1
0 0 1 1 0 1 1 0 0 0 1 1 0 1 1 0
0 0 1 1 0 1 1 1 0 0 1 1 0 1 1 1
0 0 1 1 1 0 0 0 0 0 1 1 1 0 0 0
0 0 1 1 1 0 0 1 0 0 1 1 1 0 0 1
0 0 1 1 1 0 1 0 0 0 1 1 1 0 1 0
0 0 1 1 1 0 1 1 0 0 1 1 1 0 1 1
0 0 1 1 1 1 0 0 0 0 1 1 1 1 0 0
0 0 1 1 1 1 0 1 0 0 1 1 1 1 0 1
0 0 1 1 1 1 1 0 0 0 1 1 1 1 1 0
0 0 1 1 1 1 1 1 0 0 1 1 1 1 1 1
0 1 0 0 0 0 0 0 0 1 0 0 0 0 0 0
0 1 0 0 0 0 0 1 0 1 0 0 0 0 0 1
0 1 0 0 0 0 1 0 0 1 0 0 0 0 1 0
0 1 0 0 0 0 1 1 0 1 0 0 0 0 1 1
0 1 0 0 0 1 0 0 0 1 0 0 0 1 0 0
0 1 0 0 0 1 0 1 0 1 0 0 0 1 0 1
0 1 0 0 0 1 1 0 0 1 0 0 0 1 1 0
0 1 0 0 0 1 1 1 0 1 0 0 0 1 1 1
0 1 0 0 1 0 0 0 0 1 0 0 1 0 0 0
0 1 0 0 1 0 0 1 0 1 0 0 1 0 0 1
0 1 0 0 1 0 1 0 0 1 0 0 1 0 1 0
0 1 0 0 1 0 1 1 0 1 0 0 1 0 1 1
0 1 0 0 1 1 0 0 0 1 0 0 1 1 0 0
0 1 0 0 1 1 0 1 0 1 0 0 1 1 0 1
0 1 0 0 1 1 1 0 0 1 0 0 1 1 1 0
0 1 0 0 1 1 1 1 0 1 0 0 1 1 1 1
0 1 0 1 0 0 0 0 0 1 0 1 0 0 0 0
0 1 0 1 0 0 0 1 0 1 0 1 0 0 0 1
0 1 0 1 0 0 1 0 0 1 0 1 0 0 1 0
0 1 0 1 0 0 1 1 0 1 0 1 0 0 1 1
0 1 0 1 0 1 0 0 0 1 0 1 0 1 0 0
0 1 0 1 0 1 0 1 0 1 0 1 0 1 0 1
0 1 0 1 0 1 1 0 0 1 0 1 0 1 1 0
0 1 0 1 0 1 1 1 0 1 0 1 0 1 1 1
0 1 0 1 1 0 0 0 0 1 0 1 1 0 0 0
0 1 0 1 1 0 0 1 0 1 0 1 1 0 0 1
0 1 0 1 1 0 1 0 0 1 0 1 1 0 1 0
0 1 0 1 1 0 1 1 0 1 0 1 1 0 1 1
0 1 0 1 1 1 0 0 0 1 0 1 1 1 0 0
0 1 0 1 1 1 0 1 0 1 0 1 1 1 0 1
0 1 0 1 1 1 1 0 0 1 0 1 1 1 1 0
0 1 0 1 1 1 1 1 0 1 0 1 1 1 1 1
0 1 1 0 0 0 0 0 0 1 1 0 0 0 0 0
0 1 1 0 0 0 0 1 0 1 1 0 0 0 0 1
0 1 1 0 0 0 1 0 0 1 1 0 0 0 1 0
0 1 1 0 0 0 1 1 0 1 1 0 0 0 1 1
0 1 1 0 0 1 0 0 0 1 1 0 0 1 0 0
0 1 1 0 0 1 0 1 0 1 1 0 0 1 0 1
0 1 1 0 0 1 1 0 0 1 1 0 0 1 1 0
0 1 1 0 0 1 1 1 0 1 1 0 0 1 1 1
0 1 1 0 1 0 0 0 0 1 1 0 1 0 0 0
0 1 1 0 1 0 0 1 0 1 1 0 1 0 0 1
0 1 1 0 1 0 1 0 0 1 1 0 1 0 1 0
0 1 1 0 1 0 1 1 0 1 1 0 1 0 1 1
0 1 1 0 1 1 0 0 0 1 1 0 1 1 0 0
0 1 1 0 1 1 0 1 0 1 1 0 1 1 0 1
0 1 1 0 1 1 1 0 0 1 1 0 1 1 1 0
0 1 1 0 1 1 1 1 0 1 1 0 1 1 1 1
0 1 1 1 0 0 0 0 0 1 1 1 0 0 0 0
0 1 1 1 0 0 0 1 0 1 1 1 0 0 0 1
0 1 1 1 0 0 1 0 0 1 1 1 0 0 1 0
0 1 1 1 0 0 1 1 0 1 1 1 0 0 1 1
0 1 1 1 0 1 0 0 0 1 1 1 0 1 0 0
0 1 1 1 0 1 0 1 0 1 1 1 0 1 0 1
0 1 1 1 0 1 1 0 0 1 1 1 0 1 1 0
0 1 1 1 0 1 1 1 0 1 1 1 0 1 1 1
0 1 1 1 1 0 0 0 0 1 1 1 1 0 0 0
0 1 1 1 1 0 0 1 0 1 1 1 1 0 0 1
0 1 1 1 1 0 1 0 0 1 1 1 1 0 1 0
0 1 1 1 1 0 1 1 0 1 1 1 1 0 1 1
0 1 1 1 1 1 0 0 0 1 1 1 1 1 0 0
0 1 1 1 1 1 0 1 0 1 1 1 1 1 0 1
0 1 1 1 1 1 1 0 0 1 1 1 1 1 1 0
0 1 1 1 1 1 1 1 0 1 1 1 1 1 1 1
1 0 0 0 0 0 0 0 1 0 0 0 0 0 0 0
1 0 0 0 0 0 0 1 1 0 0 0 0 0 0 1
1 0 0 0 0 0 1 0 1 0 0 0 0 0 1 0
1 0 0 0 0 0 1 1 1 0 0 0 0 0 1 1
1 0 0 0 0 1 0 0 1 0 0 0 0 1 0 0
1 0 0 0 0 1 0 1 1 0 0 0 0 1 0 1
1 0 0 0 0 1 1 0 1 0 0 0 0 1 1 0
1 0 0 0 0 1 1 1 1 0 0 0 0 1 1 1
1 0 0 0 1 0 0 0 1 0 0 0 1 0 0 0
1 0 0 0 1 0 0 1 1 0 0 0 1 0 0 1
1 0 0 0 1 0 1 0 1 0 0 0 1 0 1 0
1 0 0 0 1 0 1 1 1 0 0 0 1 0 1 1
1 0 0 0 1 1 0 0 1 0 0 0 1 1 0 0
1 0 0 0 1 1 0 1 1 0 0 0 1 1 0 1
1 0 0 0 1 1 1 0 1 0 0 0 1 1 1 0
1 0 0 0 1 1 1 1 1 0 0 0 1 1 1 1
1 0 0 1 0 0 0 0 1 0 0 1 0 0 0 0
1 0 0 1 0 0 0 1 1 0 0 1 0 0 0 1
1 0 0 1 0 0 1 0 1 0 0 1 0 0 1 0
1 0 0 1 0 0 1 1 1 0 0 1 0 0 1 1
1 0 0 1 0 1 0 0 1 0 0 1 0 1 0 0
1 0 0 1 0 1 0 1 1 0 0 1 0 1 0 1
1 0 0 1 0 1 1 0 1 0 0 1 0 1 1 0
1 0 0 1 0 1 1 1 1 0 0 1 0 1 1 1
1 0 0 1 1 0 0 0 1 0 0 1 1 0 0 0
1 0 0 1 1 0 0 1 1 0 0 1 1 0 0 1
1 0 0 1 1 0 1 0 1 0 0 1 1 0 1 0
1 0 0 1 1 0 1 1 1 0 0 1 1 0 1 1
1 0 0 1 1 1 0 0 1 0 0 1 1 1 0 0
1 0 0 1 1 1 0 1 1 0 0 1 1 1 0 1
1 0 0 1 1 1 1 0 1 0 0 1 1 1 1 0
1 0 0 1 1 1 1 1 1 0 0 1 1 1 1 1
1 0 1 0 0 0 0 0 1 0 1 0 0 0 0 0
1 0 1 0 0 0 0 1 1 0 1 0 0 0 0 1
1 0 1 0 0 0 1 0 1 0 1 0 0 0 1 0
1 0 1 0 0 0 1 1 1 0 1 0 0 0 1 1
1 0 1 0 0 1 0 0 1 0 1 0 0 1 0 0
1 0 1 0 0 1 0 1 1 0 1 0 0 1 0 1
1 0 1 0 0 1 1 0 1 0 1 0 0 1 1 0
1 0 1 0 0 1 1 1 1 0 1 0 0 1 1 1
1 0 1 0 1 0 0 0 1 0 1 0 1 0 0 0
1 0 1 0 1 0 0 1 1 0 1 0 1 0 0 1
1 0 1 0 1 0 1 0 1 0 1 0 1 0 1 0
1 0 1 0 1 0 1 1 1 0 1 0 1 0 1 1
1 0 1 0 1 1 0 0 1 0 1 0 1 1 0 0
1 0 1 0 1 1 0 1 1 0 1 0 1 1 0 1
1 0 1 0 1 1 1 0 1 0 1 0 1 1 1 0
1 0 1 0 1 1 1 1 1 0 1 0 1 1 1 1
1 0 1 1 0 0 0 0 1 0 1 1 0 0 0 0
1 0 1 1 0 0 0 1 1 0 1 1 0 0 0 1
1 0 1 1 0 0 1 0 1 0 1 1 0 0 1 0
1 0 1 1 0 0 1 1 1 0 1 1 0 0 1 1
1 0 1 1 0 1 0 0 1 0 1 1 0 1 0 0
1 0 1 1 0 1 0 1 1 0 1 1 0 1 0 1
1 0 1 1 0 1 1 0 1 0 1 1 0 1 1 0
1 0 1 1 0 1 1 1 1 0 1 1 0 1 1 1
1 0 1 1 1 0 0 0 1 0 1 1 1 0 0 0
1 0 1 1 1 0 0 1 1 0 1 1 1 0 0 1
1 0 1 1 1 0 1 0 1 0 1 1 1 0 1 0
1 0 1 1 1 0 1 1 1 0 1 1 1 0 1 1
1 0 1 1 1 1 0 0 1 0 1 1 1 1 0 0
1 0 1 1 1 1 0 1 1 0 1 1 1 1 0 1
1 0 1 1 1 1 1 0 1 0 1 1 1 1 1 0
1 0 1 1 1 1 1 1 1 0 1 1 1 1 1 1
1 1 0 0 0 0 0 0 1 1 0 0 0 0 0 0
1 1 0 0 0 0 0 1 1 1 0 0 0 0 0 1
1 1 0 0 0 0 1 0 1 1 0 0 0 0 1 0
1 1 0 0 0 0 1 1 1 1 0 0 0 0 1 1
1 1 0 0 0 1 0 0 1 1 0 0 0 1 0 0
1 1 0 0 0 1 0 1 1 1 0 0 0 1 0 1
1 1 0 0 0 1 1 0 1 1 0 0 0 1 1 0
1 1 0 0 0 1 1 1 1 1 0 0 0 1 1 1
1 1 0 0 1 0 0 0 1 1 0 0 1 0 0 0
1 1 0 0 1 0 0 1 1 1 0 0 1 0 0 1
1 1 0 0 1 0 1 0 1 1 0 0 1 0 1 0
1 1 0 0 1 0 1 1 1 1 0 0 1 0 1 1
1 1 0 0 1 1 0 0 1 1 0 0 1 1 0 0
1 1 0 0 1 1 0 1 1 1 0 0 1 1 0 1
1 1 0 0 1 1 1 0 1 1 0 0 1 1 1 0
1 1 0 0 1 1 1 1 1 1 0 0 1 1 1 1
1 1 0 1 0 0 0 0 1 1 0 1 0 0 0 0
1 1 0 1 0 0 0 1 1 1 0 1 0 0 0 1
1 1 0 1 0 0 1 0 1 1 0 1 0 0 1 0
1 1 0 1 0 0 1 1 1 1 0 1 0 0 1 1
1 1 0 1 0 1 0 0 1 1 0 1 0 1 0 0
1 1 0 1 0 1 0 1 1 1 0 1 0 1 0 1
1 1 0 1 0 1 1 0 1 1 0 1 0 1 1 0
1 1 0 1 0 1 1 1 1 1 0 1 0 1 1 1
1 1 0 1 1 0 0 0 1 1 0 1 1 0 0 0
1 1 0 1 1 0 0 1 1 1 0 1 1 0 0 1
1 1 0 1 1 0 1 0 1 1 0 1 1 0 1 0
1 1 0 1 1 0 1 1 1 1 0 1 1 0 1 1
1 1 0 1 1 1 0 0 1 1 0 1 1 1 0 0
1 1 0 1 1 1 0 1 1 1 0 1 1 1 0 1
1 1 0 1 1 1 1 0 1 1 0 1 1 1 1 0
1 1 0 1 1 1 1 1 1 1 0 1 1 1 1 1
1 1 1 0 0 0 0 0 1 1 1 0 0 0 0 0
1 1 1 0 0 0 0 1 1 1 1 0 0 0 0 1
1 1 1 0 0 0 1 0 1 1 1 0 0 0 1 0
1 1 1 0 0 0 1 1 1 1 1 0 0 0 1 1
1 1 1 0 0 1 0 0 1 1 1 0 0 1 0 0
1 1 1 0 0 1 0 1 1 1 1 0 0 1 0 1
1 1 1 0 0 1 1 0 1 1 1 0 0 1 1 0
1 1 1 0 0 1 1 1 1 1 1 0 0 1 1 1
1 1 1 0 1 0 0 0 1 1 1 0 1 0 0 0
1 1 1 0 1 0 0 1 1 1 1 0 1 0 0 1
1 1 1 0 1 0 1 0 1 1 1 0 1 0 1 0
1 1 1 0 1 0 1 1 1 1 1 0 1 0 1 1
1 1 1 0 1 1 0 0 1 1 1 0 1 1 0 0
1 1 1 0 1 1 0 1 1 1 1 0 1 1 0 1
1 1 1 0 1 1 1 0 1 1 1 0 1 1 1 0
1 1 1 0 1 1 1 1 1 1 1 0 1 1 1 1
1 1 1 1 0 0 0 0 1 1 1 1 0 0 0 0
1 1 1 1 0 0 0 1 1 1 1 1 0 0 0 1
1 1 1 1 0 0 1 0 1 1 1 1 0 0 1 0
1 1 1 1 0 0 1 1 1 1 1 1 0 0 1 1
1 1 1 1 0 1 0 0 1 1 1 1 0 1 0 0
1 1 1 1 0 1 0 1 1 1 1 1 0 1 0 1
1 1 1 1 0 1 1 0 1 1 1 1 0 1 1 0
1 1 1 1 0 1 1 1 1 1 1 1 0 1 1 1
1 1 1 1 1 0 0 0 1 1 1 1 1 0 0 0
1 1 1 1 1 0 0 1 1 1 1 1 1 0 0 1
1 1 1 1 1 0 1 0 1 1 1 1 1 0 1 0
1 1 1 1 1 0 1 1 1 1 1 1 1 0 1 1
1 1 1 1 1 1 0 0 1 1 1 1 1 1 0 0
1 1 1 1 1 1 0 1 1 1 1 1 1 1 0 1
1 1 1 1 1 1 1 0 1 1 1 1 1 1 1 0
1 1 1 1 1 1 1 1 1 1 1 1 1 1 1 1
SEAL 4f850b8edab9fb32
