CNET_BTN 5
135 8 2 32 0.69999999999999996
INPUTS 1
PORT_IN onehot 27 5 letter_seq
OUTPUTS 1
PORT_OUT onehot 8 1 word_token
-16.042882383629177
-15.167454134322687
-3.7091350802129464
-15.693434760268127
3.1099420510924425
-0.5073925461051455
-3.3682737179557578
3.4410630805262525
0.057997958233571838
0.061273637833280888
-0.98748741111484117
-0.040375988036744248
0.92876979888302258
-0.79528183843501088
-0.90798348238150373
-0.80320104117677871
0.11945671182415589
-2.3839065161031749
-0.40060673386861356
0.56098820692138462
-0.056855983153782819
0.84276863917966249
-0.8010193182164983
0.19339579454939426
-0.14145329142124696
-0.12613299966429636
-1.1535952138793062
0.91151666719431812
-0.26920377208777124
-0.048005615405743551
0.89690847499008153
0.94415112765892517
0.85229041413617357
0.90557573168126471
-0.016510513626514456
0.25406659138767673
0.52244636371959596
-0.62718588824121824
-0.14864260709419244
1.8683600088143202
-0.058381908627582635
-0.75450910977507857
-0.97521897030549032
-0.96404919583727533
-0.04177983947264019
-0.64043092135380109
0.88158818323313093
0.76415295876949374
-0.87658314767906731
0.044465468306527978
-0.18558305612353898
0.86107974486526073
-0.86455885494552442
0.019318216498306118
-0.94024475844599753
-0.022736289559617928
1.8337336472111569
-0.27068378334155674
-0.41740165410321362
0.38187810907315289
-1.8051322092765358
-0.17697431775687106
-0.9081392864772484
0.72484511856440936
0.42216254158146915
0.85607470931119733
0.65142732478796572
-0.81020842383517111
0.42460402233954886
0.17911313211462754
0.4906460768456069
-0.33610034485915707
0.83037812433240754
-0.42197943052461317
-1.0824189420620571
1.7624973041174747
0.19272438734092234
0.34812463759270007
-0.7780083620715964
-0.29728080080568864
0.17361980040894798
-0.28092287972655416
2.2033099461999295
-2.3299561984147599
0.35691396832178723
-0.59831537827692494
0.013824884792626779
0.13718070009460748
-0.847773674733726
-0.91259498886074408
0.2210455641346476
-0.73448896755882442
0.12784203619495216
-0.85277871028778951
2.3740231387631918
-1.1450058880302465
0.83635975218970304
-0.25119785149693286
-0.41288491470076605
-0.23361919003875853
0.70030823694570765
0.3656422620319224
0.86443678090762055
0.40012817773979914
0.059419537949766621
0.43583483382671595
-0.18234809411908326
0.0038758507034515333
0.2975859859004486
0.99591051973021627
-0.75853755302591019
-0.23380230109561451
-0.68358409375286111
0.71129490035706655
-2.9763100611691558
1.7917473750180493
-0.24961088900418105
0.10525833918271421
1.4631619523711383
1.570682467385438
-0.52238532670064397
-0.80211798455763417
0.52989288003173929
-0.27207251197851501
-0.57560960722678312
0.45689260536515386
-0.35528922158445692
-3.0253445482696835
0.63164159062471392
-0.81298257393108919
-0.15225684377574999
-0.68999298074282045
-0.69316690572832429
-0.51274147770622891
-0.10501419110690635
-0.20737327188940091
-0.63005462813196211
-0.061189611499374408
-0.18002868739890743
0.59385967589342936
-0.93310342722861417
-0.49278237250892665
0.68123861283659015
1.8065024760874102
-0.17477950376903595
0.98571733756523328
-0.11832026123844108
-0.62303537095248274
-0.099765007477034873
0.93713187047944579
-0.58738975188451792
0.37412640766624961
0.77593310342722854
-0.24674214911343728
1.5884258680430949
-0.88605900841556762
-0.33798538472744311
-0.63554544114319977
-0.56854687996664688
0.29567589525905774
0.1301614429151281
-0.19064912869655448
-0.67229224524674214
0.94329660939359727
0.26810510574663526
0.41557054353465372
0.82366405224768813
0.53984191412091431
-0.89941099276711323
0.05459761345255898
-0.78081606494338818
0.31510361033967094
-0.11726247163362771
1.6218340079616496
-0.14827969752106482
-0.046940501840479765
-0.61668752098147528
0.16721091341898853
0.65221106601153589
0.95806756797997994
-0.91796624652851955
-0.35453352458265941
-2.2057409496746323
-0.93741503878709098
-0.34653767509994815
0.61375774407177963
-0.8623004852443007
0.57078768272957547
-0.64915921506393626
-0.18680379650257883
-0.92016357921079139
0.29935605945005639
0.68926053651539654
0.53935361796929837
0.76787621692556529
0.70763267921994699
2.152992219152944
1.4356264261361495
0.94238105410931738
-0.35929441206091495
-0.56230353709524827
-0.15152439954832608
-0.73131504257332069
-0.21555223242896815
-0.079012421033356706
-0.66704306161687066
0.23825800347910997
0.51561021759697256
-0.66563921018097472
0.7907650990325632
1.6548312938973233
-2.5134945144034027
0.51304666280098887
0.1701406903286844
0.075594347972045117
-0.75926999725333411
-0.81090731528672144
-0.6378063295388654
0.006195257423627476
0.24723044526505333
-0.60258796960356453
-0.90313425092318489
-0.24973296304208503
-0.72502822962126534
-0.048860133671071559
-0.16428113650929288
-1.5312868723882471
-1.7144815764128156
-0.81865901669362473
-0.74059266945402391
-0.15604113895077365
0.64525284585100873
-0.33475753044221324
0.73332926419873656
1.3465971989552854
0.27053146370577658
-0.51133762627033297
-0.7993713187047945
0.15433210242011786
0.45445112460707415
-0.067964720603045703
-0.44853053376873075
0.85192419202246161
-0.050202948088015398
-0.39841914120914335
-0.10769981994079414
-0.98101748710592973
-0.96569719534897913
0.18448438978240311
0.55400250251777705
0.18399609363078717
0.5944090090639973
-0.54960783715323336
-0.63469344157231355
-0.40244758445997497
-0.69499801629688407
-1.0950607127043435
2.0951465387113912
0.46433912167729718
0.018402661214026228
0.76293221839045389
0.74993133335367901
-0.32786034730063784
-0.09604174932096321
-0.5850703451643422
-0.28037354655598623
0.11789300210577713
-0.53056428724021121
-0.81304361095004118
0.53868221076082645
0.53099154637287516
-0.35258033997619553
-0.40977202673421431
0.55473494674520096
-0.096713156529435129
0.58433790093691829
-0.80230109561449026
0.88457899716177857
-0.50456251716666156
-0.11404766991180149
-4.3766911617185356
18.489561787967684
-16.4732935885751
10.031627299700222
-7.3419294863672642
-1.3715414704467794
7.5434766121092869
-32.321041763393964
19.707794336785781
-3.7390496990631998
8.1205064423692246
9.6862300197106919
-25.018363851299839
-1.1785492999983638
-16.878831856293679
-7.4790780358024191
